4
1.0000
251
8.0000
5.0000
0.1500
0.0800
0.0000
0.0002
-0.0009
0.0013
-0.0020
0.0002
-0.0020
-0.0020
0.0013
0.0013
0.0023
0.0034
0.0013
0.0002
0.0013
0.0034
-0.0009
-0.0020
0.0002
0.0013
0.0013
-0.0020
0.0013
-0.0020
-0.0020
-0.0031
-0.0009
-0.0020
-0.0020
-0.0020
-0.0020
0.0002
0.0023
0.0023
0.0002
-0.0020
-0.0020
0.0002
0.0013
0.0002
0.0034
-0.0009
0.0023
0.0045
0.0034
0.0067
0.0154
0.0360
0.0730
0.1371
0.2143
0.2763
0.3002
0.3133
0.3318
0.3644
0.4068
0.4535
0.4840
0.5046
0.5177
0.5503
0.6177
0.7286
0.8764
1.0210
1.1123
1.1439
1.1580
1.1547
1.1232
1.0797
1.0286
0.9906
0.9721
0.9580
0.9395
0.9156
0.8829
0.8460
0.8199
0.8145
0.8177
0.8275
0.8438
0.8677
0.8993
0.9253
0.9438
0.9514
0.9580
0.9645
0.9699
0.9775
0.9797
0.9764
0.9754
0.9721
0.9645
0.9558
0.9471
0.9362
0.9243
0.9188
0.9188
0.9167
0.9210
0.9221
0.9243
0.9275
0.9351
0.9417
0.9449
0.9449
0.9482
0.9525
0.9569
0.9591
0.9569
0.9612
0.9591
0.9569
0.9547
0.9525
0.9514
0.9504
0.9504
0.9525
0.9504
0.9504
0.9493
0.9493
0.9504
0.9514
0.9536
0.9536
0.9514
0.9547
0.9569
0.9547
0.9569
0.9580
0.9580
0.9580
0.9580
0.9580
0.9591
0.9601
0.9623
0.9547
0.9569
0.9591
0.9591
0.9580
0.9569
0.9569
0.9580
0.9601
0.9612
0.9623
0.9612
0.9612
0.9612
0.9601
0.9623
0.9634
0.9634
0.9634
0.9645
0.9623
0.9645
0.9623
0.9645
0.9667
0.9667
0.9634
0.9634
0.9645
0.9656
0.9645
0.9667
0.9688
0.9677
0.9677
0.9645
0.9623
0.9634
0.9667
0.9667
0.9656
0.9667
0.9634
0.9634
0.9645
0.9656
0.9634
0.9634
0.9677
0.9656
0.9656
0.9667
0.9699
0.9667
0.9656
0.9656
0.9634
0.9645
0.9634
0.9634
0.9645
0.9667
0.9710
0.9710
0.9688
0.9699
0.9721
0.9677
0.9677
0.9667
0.9688
0.9688
0.9721
0.9699
0.9667
0.9656
0.9677
0.9677
0.9699
0.9677
0.9667
0.9688
0.9710
0.9677
0.9699
0.9677
0.9699
0.9699
0.9721
0.9721
0.9721
0.9721
0.9677
0.9677
0.9688
0.9710
0.9710
0.9677
0.9656
0.9677
0.9699
0.9710
