4
1
251
1.4
3
0.102
0.1263
1.74
0
-0.01266927
-0.01266927
-0.01266927
-0.01266927
-0.01266927
-0.01159173
-0.0105142
-0.009436667
-0.01159173
-0.01266927
-0.0105142
-0.01266927
-0.01159173
-0.01266927
-0.01266927
-0.01266927
-0.01159173
-0.009436667
-0.009436667
-0.009436667
-0.009436667
-0.009436667
-0.008359075
-0.008359075
-0.008359075
-0.008359075
-0.006204009
-0.004048944
-0.001893878
0.005648971
0.02181208
0.06168103
0.1284887
0.2082267
0.2890422
0.3375316
0.348307
0.334299
0.3213685
0.3202909
0.3246011
0.3235235
0.3084379
0.280422
0.2470181
0.2168469
0.1963737
0.1802106
0.176978
0.1726679
0.1662025
0.1586598
0.1435742
0.1284887
0.1166357
0.1090928
0.1026276
0.09939504
0.09939504
0.0983175
0.0983175
0.1015501
0.1187907
0.1478844
0.1985288
0.2739567
0.3612375
0.4539061
0.5379542
0.5918313
0.6176924
0.6252351
0.6284677
0.634933
0.6467859
0.6618714
0.6780345
0.6995854
0.7189811
0.7340667
0.7437646
0.7523849
0.7588502
0.7653154
0.7760909
0.7868663
0.8030294
0.8235027
0.8407433
0.860139
0.8752246
0.8870776
0.8935429
0.9000081
0.9053957
0.9053957
0.9000081
0.8924652
0.8806124
0.8644493
0.8504412
0.8396658
0.8310454
0.8256577
0.8245802
0.8256577
0.8278128
0.8278128
0.8278128
0.8278128
0.8278128
0.8267353
0.8235027
0.8224251
0.8191925
0.8191925
0.8191925
0.8170375
0.8105721
0.8105721
0.8051845
0.7997967
0.792254
0.7868663
0.7825561
0.780401
0.7793235
0.7793235
0.7793235
0.7814785
0.7836336
0.7868663
0.7900989
0.792254
0.794409
0.7965641
0.8008742
0.8019519
0.8019519
0.8019519
0.806262
0.8073395
0.8084171
0.8073395
0.806262
0.806262
0.806262
0.806262
0.8084171
0.8094946
0.8105721
0.8105721
0.8105721
0.8127272
0.8159598
0.8170375
0.8202701
0.8235027
0.8235027
0.8235027
0.8245802
0.8256577
0.8235027
0.8235027
0.8245802
0.8256577
0.8278128
0.8278128
0.8278128
0.8278128
0.8299679
0.8310454
0.8353556
0.8385882
0.8418208
0.8439759
0.8482862
0.8493637
0.8482862
0.8450534
0.8450534
0.8439759
0.8450534
0.8450534
0.8450534
0.8396658
0.8364332
0.8364332
0.8385882
0.8439759
0.8482862
0.8493637
0.8482862
0.8482862
0.8482862
0.8525963
0.8536738
0.8569064
0.8579839
0.8579839
0.8558289
0.8536738
0.8536738
0.8536738
0.8558289
0.8569064
0.8579839
0.8590615
0.860139
0.8612165
0.8612165
0.8622941
0.8612165
0.8579839
0.8558289
0.8558289
0.8536738
0.8493637
0.8450534
0.8450534
0.846131
0.8504412
0.8547513
0.8612165
0.8644493
0.8666043
0.8666043
0.8666043
0.8698369
0.8709145
0.871992
0.8730695
0.8741471
0.871992
0.8709145
0.871992
0.8709145
0.8709145
0.871992
0.8709145
0.871992
0.871992
0.8709145
0.871992
0.8730695
0.871992
0.8709145
0.8709145
0.8709145
0.8709145
0.8709145
