4
1
251
1.4
3
0.102
0.1263
1.74
0
-0.01276684
-0.01276684
-0.01276684
-0.01276684
-0.01276684
-0.01061183
-0.01061183
-0.01168936
-0.01061183
-0.01276684
-0.01276684
-0.01061183
-0.01276684
-0.01168936
-0.01061183
-0.009534359
-0.009534359
-0.008456826
-0.008456826
-0.008456826
-0.008456826
-0.008456826
-0.008456826
-0.008456826
-0.008456826
-0.007379353
-0.005224288
-0.004146814
-0.001991808
0.003395796
0.0184809
0.05080616
0.1111466
0.1898047
0.2716953
0.3288032
0.3481983
0.3385007
0.3234156
0.3191056
0.3223381
0.3234156
0.3126405
0.290013
0.2587652
0.2285949
0.1984247
0.1811846
0.171487
0.1607119
0.1467043
0.1273092
0.1079141
0.08851886
0.07666636
0.06696868
0.05942619
0.05403864
0.04757357
0.04326355
0.03679848
0.03141093
0.0303334
0.02925599
0.03248847
0.04649603
0.07558882
0.1273092
0.2059673
0.2975554
0.3762136
0.4408641
0.4904294
0.506592
0.5087471
0.5098245
0.5162896
0.5281422
0.5443048
0.561545
0.5733975
0.5841726
0.5960252
0.6057228
0.6186529
0.631583
0.6423581
0.6574432
0.6725283
0.6854584
0.7005435
0.7134736
0.7264037
0.7414888
0.7544188
0.7695041
0.7824341
0.7942867
0.8029068
0.8082943
0.8104494
0.8104494
0.8039843
0.7953643
0.7867441
0.771659
0.763039
0.7554964
0.7501088
0.7490314
0.7533414
0.7565739
0.7619615
0.7641165
0.767349
0.767349
0.767349
0.767349
0.7641165
0.763039
0.763039
0.763039
0.7619615
0.758729
0.7576514
0.7544188
0.7511864
0.7457988
0.7436439
0.7404113
0.7350237
0.7317913
0.7285587
0.7285587
0.7242486
0.7253262
0.7253262
0.7285587
0.7307137
0.7350237
0.7404113
0.7447213
0.7479539
0.7501088
0.7501088
0.7490314
0.7479539
0.7457988
0.7457988
0.7457988
0.7457988
0.7457988
0.7447213
0.7436439
0.7436439
0.7447213
0.7457988
0.7457988
0.7457988
0.7457988
0.7457988
0.7479539
0.7490314
0.7501088
0.7522639
0.7544188
0.7576514
0.7598064
0.7619615
0.763039
0.7641165
0.7662715
0.7662715
0.767349
0.7695041
0.7705815
0.7748916
0.7781241
0.7792016
0.7802792
0.7792016
0.775969
0.775969
0.775969
0.775969
0.7738141
0.771659
0.771659
0.7738141
0.7792016
0.7824341
0.7835116
0.7835116
0.7845892
0.7845892
0.7867441
0.7899767
0.7910541
0.7932092
0.7932092
0.7899767
0.7888992
0.7888992
0.7899767
0.7921317
0.7921317
0.7932092
0.7932092
0.7921317
0.7932092
0.7921317
0.7942867
0.7953643
0.7964417
0.7975192
0.7964417
0.7953643
0.7932092
0.7888992
0.7888992
0.7845892
0.7813566
0.7802792
0.7813566
0.7856666
0.7910541
0.7975192
0.8007518
0.8018292
0.8018292
0.8007518
0.8029068
0.8050618
0.8082943
0.8093718
0.8104494
0.8104494
0.8072168
0.8093718
0.8104494
0.8104494
0.8104494
0.8104494
0.8115269
0.8104494
0.8104494
0.8104494
0.8104494
0.8104494
0.8104494
0.8104494
