4
1
251
1.4
3
0.102
0.1263
1.74
0
-0.01276904
-0.01276904
-0.01169133
-0.01276904
-0.01276904
-0.01276904
-0.01276904
-0.0138467
-0.0138467
-0.01276904
-0.0138467
-0.01276904
-0.01276904
-0.01276904
-0.01169133
-0.01061362
-0.009535968
-0.009535968
-0.008458257
-0.008458257
-0.008458257
-0.008458257
-0.008458257
-0.008458257
-0.008458257
-0.007380545
-0.005225182
-0.005225182
-0.001992106
0.004474044
0.02171707
0.06482458
0.1337968
0.2200119
0.2922171
0.3374801
0.3504124
0.3385577
0.3256255
0.3256255
0.3331693
0.3364024
0.3310139
0.3137709
0.2911395
0.271741
0.2512649
0.2329443
0.2221673
0.2167789
0.2070796
0.1963028
0.1876812
0.181215
0.1769043
0.1736712
0.174749
0.1779821
0.1941473
0.2286334
0.2814403
0.3655
0.4646474
0.5443965
0.5993587
0.6284562
0.6370778
0.6392331
0.6456993
0.6575539
0.6715639
0.6877292
0.7017392
0.7146714
0.726526
0.7383806
0.7491575
0.7642452
0.7793328
0.7933427
0.8051974
0.8170519
0.8256735
0.8364503
0.8450719
0.8526157
0.8569264
0.8580041
0.8515381
0.8396834
0.8256735
0.8127412
0.8041197
0.7987312
0.7976536
0.7976536
0.7976536
0.7998089
0.8019643
0.8019643
0.8019643
0.7987312
0.7976536
0.7976536
0.7965758
0.7976536
0.7911874
0.7922651
0.789032
0.7879543
0.7836436
0.7804105
0.7804105
0.7804105
0.7804105
0.7804105
0.7814882
0.7814882
0.7847213
0.7879543
0.7911874
0.7933427
0.7933427
0.7933427
0.7933427
0.7954981
0.7933427
0.7944205
0.7965758
0.7965758
0.7987312
0.7998089
0.8008866
0.8019643
0.8019643
0.8073528
0.8095081
0.8084304
0.8095081
0.8127412
0.8138188
0.8170519
0.8192073
0.820285
0.8213627
0.8192073
0.8192073
0.8213627
0.823518
0.8213627
0.8213627
0.8213627
0.820285
0.8181297
0.8181297
0.8224404
0.8224404
0.8224404
0.823518
0.8245958
0.8224404
0.8245958
0.8256735
0.8267511
0.8278289
0.8278289
0.8278289
0.831062
0.8332173
0.8353727
0.8396834
0.8418388
0.8429165
0.8439941
0.8439941
0.8418388
0.8439941
0.8418388
0.8439941
0.8439941
0.8418388
0.8418388
0.8407611
0.8439941
0.8418388
0.8396834
0.8364503
0.8386058
0.8418388
0.8472272
0.8493826
0.8493826
0.8493826
0.848305
0.8472272
0.8504603
0.8536934
0.8558488
0.8580041
0.8590819
0.8580041
0.8580041
0.8580041
0.8580041
0.8623149
0.8623149
0.8580041
0.8580041
0.8580041
0.8558488
0.8569264
0.8569264
0.8536934
0.8526157
0.8472272
0.8450719
0.8439941
0.8515381
0.8580041
0.8612372
0.8623149
0.8623149
0.8623149
0.8623149
0.8633926
0.8644702
0.8666257
0.8666257
0.8677033
0.8666257
0.8666257
0.8644702
0.865548
0.8666257
0.8677033
0.8666257
0.8666257
0.8677033
0.8677033
0.8666257
0.8666257
0.865548
0.8666257
0.8623149
0.8644702
0.865548
0.865548
0.8677033
0.8698587
0.8709364
0.8709364
