4
1
251
1.4
3
0.102
0.1263
1.74
0
-0.01186502
-0.01078641
-0.01078641
-0.009707749
-0.009707749
-0.009707749
-0.008629143
-0.008629143
-0.008629143
-0.008629143
-0.008629143
-0.008629143
-0.008629143
-0.008629143
-0.008629143
-0.008629143
-0.008629143
-0.008629143
-0.008629143
-0.008629143
-0.007550478
-0.008629143
-0.008629143
-0.008629143
-0.007550478
-0.005393207
-0.005393207
-0.003235936
-0.001078665
0.004314542
0.0204941
0.05932522
0.1240436
0.200627
0.2815249
0.3311423
0.3494792
0.3386928
0.3257492
0.3225132
0.3268278
0.3257492
0.3084909
0.2772104
0.2416153
0.2081774
0.1833687
0.1715037
0.1682677
0.1639532
0.1596386
0.149931
0.1369872
0.1251222
0.1164931
0.1100212
0.1035494
0.1035494
0.09923482
0.09923482
0.1013921
0.1089426
0.1283581
0.1661105
0.2265143
0.3214346
0.4120404
0.5015674
0.571679
0.6115886
0.6245323
0.6299255
0.63424
0.6450264
0.661206
0.6795429
0.6978798
0.7172953
0.7356322
0.7507331
0.7593622
0.7636768
0.7701486
0.7787777
0.7895641
0.8057438
0.8240806
0.8445748
0.8629117
0.8790913
0.8920349
0.9017427
0.9092932
0.9125291
0.9146863
0.9125291
0.9038999
0.8920349
0.8780127
0.8607544
0.8478107
0.8381029
0.8327098
0.8294739
0.8316311
0.8316311
0.8327098
0.8294739
0.8283951
0.8283951
0.8283951
0.8283951
0.8273165
0.8251593
0.8240806
0.8240806
0.823002
0.819766
0.8154515
0.8089796
0.8035865
0.7971146
0.7928001
0.7884855
0.7852496
0.7852496
0.7852496
0.784171
0.784171
0.7852496
0.7895641
0.7928001
0.7971146
0.8003505
0.8025079
0.8046651
0.8057438
0.8068224
0.807901
0.8100584
0.811137
0.8122156
0.8143729
0.811137
0.8122156
0.8122156
0.811137
0.8122156
0.8143729
0.8154515
0.8154515
0.8186874
0.8186874
0.823002
0.8219234
0.8262379
0.8273165
0.8283951
0.8283951
0.8283951
0.8283951
0.8294739
0.8305525
0.8305525
0.8316311
0.8327098
0.8316311
0.8327098
0.8337884
0.8359456
0.8359456
0.8391815
0.8434961
0.846732
0.8510466
0.8532039
0.8542825
0.8542825
0.8532039
0.8510466
0.849968
0.849968
0.849968
0.849968
0.8456534
0.8434961
0.8413389
0.8391815
0.8445748
0.8478107
0.8532039
0.8542825
0.8542825
0.8521253
0.8532039
0.8553612
0.8575184
0.8607544
0.8629117
0.8607544
0.858597
0.8564398
0.8564398
0.858597
0.861833
0.8629117
0.8639903
0.8661475
0.8650689
0.8672262
0.8661475
0.8639903
0.8629117
0.8629117
0.861833
0.8607544
0.858597
0.8542825
0.8532039
0.849968
0.8521253
0.8575184
0.8629117
0.8693835
0.8704622
0.8704622
0.8693835
0.8704622
0.8715408
0.8747767
0.8780127
0.8758553
0.8769339
0.8769339
0.8758553
0.8747767
0.8758553
0.8758553
0.8758553
0.8758553
0.8758553
0.8758553
0.8758553
0.8769339
0.8769339
0.8758553
0.8758553
0.8758553
0.8747767
0.8726194
0.8715408
