4
1
251
1.4
3
0.102
0.1263
1.74
0
-0.008970499
-0.008970499
-0.008970499
-0.008970499
-0.008970499
-0.008970499
-0.007890105
-0.007890105
-0.007890105
-0.007890105
-0.007890105
-0.007890105
-0.007890105
-0.007890105
-0.006809711
-0.004648924
-0.005729318
-0.006809711
-0.004648924
-0.00356853
-0.004648924
-0.00356853
-0.00356853
-0.00356853
-0.002488136
-0.002488136
-0.0003273487
0.002913833
0.003994226
0.0115571
0.0288434
0.07205939
0.1347225
0.2168328
0.2935411
0.342159
0.3562043
0.3443198
0.3335159
0.3345963
0.3443198
0.3551239
0.3616062
0.3670082
0.3713298
0.3756514
0.3799731
0.3799731
0.3767318
0.3767318
0.3767318
0.3778123
0.3842946
0.396179
0.4253497
0.4880129
0.5960528
0.7257006
0.8823584
1.006604
1.095197
1.120046
1.113564
1.107081
1.114644
1.139493
1.15678
1.166503
1.164342
1.154619
1.143815
1.137332
1.134091
1.133011
1.136252
1.134091
1.133011
1.133011
1.126529
1.112483
1.085473
1.040097
0.9849963
0.935298
0.8996447
0.8823584
0.8801976
0.8845192
0.8845192
0.8769565
0.8693936
0.8618308
0.8618308
0.8639916
0.8693936
0.8747956
0.8801976
0.8823584
0.8823584
0.8823584
0.8791173
0.8801976
0.8855996
0.892082
0.8985643
0.9093684
0.9190919
0.9374588
0.9558256
0.9698707
0.976353
0.976353
0.9731119
0.9741923
0.9752727
0.9774334
0.9806747
0.9817551
0.9806747
0.9785138
0.9731119
0.9687903
0.9677099
0.9709511
0.9731119
0.9731119
0.9709511
0.9687903
0.9644687
0.9644687
0.9612275
0.9547452
0.9482627
0.9428607
0.9396195
0.9406999
0.9417803
0.9417803
0.9417803
0.9428607
0.9417803
0.9428607
0.9461019
0.9471823
0.9461019
0.9471823
0.9471823
0.9493431
0.9493431
0.9471823
0.9471823
0.9482627
0.9504235
0.9515039
0.9525843
0.9547452
0.9558256
0.9590667
0.9612275
0.9633883
0.9644687
0.9612275
0.9633883
0.9655491
0.9687903
0.9774334
0.9817551
0.9849963
0.9849963
0.9817551
0.9774334
0.9774334
0.9774334
0.9806747
0.9806747
0.9817551
0.9817551
0.9817551
0.9806747
0.9785138
0.9774334
0.9774334
0.9741923
0.9752727
0.9741923
0.9709511
0.9687903
0.9698707
0.9741923
0.9795942
0.9849963
0.9860767
0.9860767
0.9839159
0.9839159
0.9817551
0.9817551
0.9817551
0.9817551
0.9828355
0.9839159
0.9849963
0.9828355
0.9806747
0.9774334
0.9731119
0.9731119
0.9709511
0.9687903
0.9623079
0.9536647
0.9471823
0.9493431
0.9579864
0.9666295
0.9698707
0.9666295
0.9633883
0.9601471
0.9612275
0.9644687
0.9677099
0.9677099
0.9677099
0.9698707
0.9720315
0.9731119
0.9709511
0.9687903
0.9677099
0.9644687
0.9644687
0.9644687
0.9601471
0.9558256
0.9525843
0.9525843
0.956906
0.9633883
0.9687903
0.9741923
0.9731119
0.9731119
0.9731119
0.9720315
0.9731119
0.9741923
0.9752727
0.9752727
0.9731119
0.9731119
