4
1
251
1.4
3
0.102
0.1263
1.74
0
-0.01237571
-0.01129812
-0.01129812
-0.01129812
-0.01129812
-0.01129812
-0.01129812
-0.01129812
-0.01129812
-0.01129812
-0.01129812
-0.01129812
-0.01129812
-0.01129812
-0.01129812
-0.01129812
-0.01129812
-0.01129812
-0.01022059
-0.01129812
-0.01129812
-0.01129812
-0.009142995
-0.01129812
-0.008065462
-0.00698787
-0.00698787
-0.003755152
-0.002677619
0.003787756
0.01887369
0.0608989
0.1255529
0.2096032
0.2925758
0.3367561
0.3475318
0.3335234
0.3195151
0.3184375
0.3205926
0.3152049
0.2958086
0.2580937
0.2182237
0.1751211
0.1438715
0.1255529
0.1180099
0.1147772
0.1050792
0.0921483
0.07706237
0.05982125
0.04473531
0.03503728
0.02533913
0.01887369
0.01887369
0.01887369
0.01456344
0.01456344
0.01025319
0.007020473
0.008098125
0.01240838
0.02318406
0.04581296
0.09430349
0.1643454
0.247318
0.3389113
0.4197289
0.4746848
0.5037792
0.5156324
0.5177875
0.5242529
0.533951
0.5468818
0.5608902
0.5770537
0.5910621
0.606148
0.6212339
0.6320096
0.6406302
0.6492507
0.6578712
0.6664919
0.6751124
0.6891208
0.7020515
0.7149824
0.7311459
0.7473093
0.7623953
0.7807139
0.7968775
0.8098083
0.8227391
0.8313596
0.8378251
0.8399801
0.8378251
0.8324372
0.8248942
0.8108859
0.797955
0.7850243
0.7742486
0.7688607
0.7677832
0.7677832
0.7720934
0.7742486
0.7774813
0.7796364
0.7774813
0.7774813
0.7774813
0.7742486
0.7764037
0.7753261
0.7764037
0.7774813
0.7774813
0.7774813
0.7753261
0.7731709
0.7688607
0.765628
0.7645504
0.7591627
0.7526972
0.7473093
0.7429991
0.7386888
0.7386888
0.7386888
0.740844
0.7419215
0.7440766
0.7451543
0.7494645
0.7526972
0.7548523
0.758085
0.7591627
0.7602402
0.7602402
0.7591627
0.7591627
0.7559299
0.7548523
0.7559299
0.7559299
0.7559299
0.7559299
0.7559299
0.7559299
0.7537748
0.7526972
0.7526972
0.7548523
0.7559299
0.7559299
0.758085
0.7602402
0.7602402
0.7634729
0.7677832
0.7710159
0.7753261
0.7785589
0.7817916
0.7850243
0.7882569
0.7904121
0.7904121
0.7904121
0.7904121
0.7882569
0.7861018
0.7828691
0.7796364
0.7764037
0.7753261
0.7807139
0.7839466
0.7882569
0.7893345
0.7904121
0.7904121
0.7914896
0.7936448
0.7957999
0.8001102
0.8022653
0.8033429
0.7990326
0.797955
0.7990326
0.8001102
0.8022653
0.8033429
0.8033429
0.8033429
0.8022653
0.8001102
0.7990326
0.7990326
0.8001102
0.8001102
0.8022653
0.8033429
0.8033429
0.8033429
0.8022653
0.8011878
0.7990326
0.797955
0.7947223
0.7904121
0.7904121
0.7936448
0.7990326
0.805498
0.8108859
0.8151962
0.8141185
0.8151962
0.8162737
0.8184289
0.8195064
0.8205839
0.8205839
0.8205839
0.8195064
0.8205839
0.8195064
0.8195064
0.8216615
0.8227391
0.8227391
0.8227391
0.8216615
0.8227391
0.8216615
0.8205839
0.8205839
