4
1
251
1.4
3
0.102
0.1263
1.74
0
-0.01091129
-0.01091129
-0.01091129
-0.01091129
-0.01091129
-0.01091129
-0.01091129
-0.01091129
-0.01091129
-0.01091129
-0.01091129
-0.01091129
-0.01091129
-0.01091129
-0.01091129
-0.01091129
-0.01091129
-0.007677138
-0.008755207
-0.01091129
-0.009833217
-0.006599069
-0.006599069
-0.007677138
-0.006599069
-0.006599069
-0.00444293
-0.003364861
-0.001208723
0.005259633
0.02358675
0.06455302
0.1260027
0.2122476
0.2909462
0.3373029
0.3480835
0.3362248
0.3211319
0.3200539
0.3232881
0.3189758
0.3006488
0.270463
0.2327309
0.2003889
0.1691252
0.1507981
0.1454078
0.1367832
0.1216904
0.1044414
0.08288014
0.06455302
0.04946017
0.0386796
0.02897704
0.02358675
0.01819634
0.01172805
0.006337643
0.0009473562
-0.002286792
-0.00444293
0.003103495
0.01819634
0.05161631
0.1033633
0.1809838
0.269385
0.3599422
0.4181576
0.4558898
0.4677485
0.4666704
0.4634362
0.4720607
0.4860755
0.5044026
0.5216516
0.5345883
0.547525
0.5583057
0.5723206
0.5831012
0.5938817
0.6057404
0.6165211
0.632692
0.6467068
0.6607217
0.6758145
0.6898293
0.7081565
0.7243273
0.7415763
0.7545131
0.7663718
0.7749963
0.7814647
0.7836208
0.7846988
0.7836208
0.7739183
0.7652937
0.752357
0.7415763
0.7329519
0.7297176
0.7297176
0.7329519
0.7372642
0.7426544
0.7469667
0.7480447
0.7480447
0.7480447
0.7480447
0.7458886
0.7469667
0.7480447
0.7480447
0.7480447
0.7458886
0.7437325
0.7394202
0.736186
0.735108
0.7307957
0.7264835
0.7221712
0.717859
0.7146248
0.7135468
0.7124686
0.7124686
0.7124686
0.7146248
0.7167809
0.718937
0.7243273
0.7286396
0.7329519
0.735108
0.735108
0.735108
0.7307957
0.7318738
0.7318738
0.7307957
0.7307957
0.7286396
0.7264835
0.7264835
0.7264835
0.7254055
0.7264835
0.7275616
0.7286396
0.7297176
0.7297176
0.7297176
0.7307957
0.7340299
0.735108
0.7372642
0.7383422
0.7404983
0.7426544
0.7437325
0.7458886
0.7469667
0.7469667
0.7480447
0.7491227
0.7512789
0.7545131
0.7588253
0.7609814
0.7609814
0.7609814
0.7577473
0.7577473
0.7599034
0.7577473
0.7566693
0.752357
0.753435
0.7588253
0.7631376
0.7652937
0.7663718
0.7652937
0.7685279
0.769606
0.770684
0.7728401
0.7739183
0.7749963
0.7739183
0.7728401
0.769606
0.7717621
0.7728401
0.7728401
0.7739183
0.7749963
0.7739183
0.7739183
0.7739183
0.7771524
0.7771524
0.7782304
0.7803866
0.7782304
0.7782304
0.7782304
0.7749963
0.7739183
0.770684
0.769606
0.7652937
0.7631376
0.7642157
0.769606
0.7760744
0.7814647
0.785777
0.786855
0.785777
0.785777
0.786855
0.7890111
0.7933234
0.7944014
0.7933234
0.7933234
0.7911673
0.7922453
0.7933234
0.7944014
0.7954795
0.7965575
0.7954795
0.7954795
0.7954795
0.7954795
0.7944014
0.7954795
0.7954795
0.7954795
