4
1
251
1.4
3
0.102
0.1263
1.74
0
-0.009796321
-0.008718729
-0.009796321
-0.008718729
-0.008718729
-0.008718729
-0.01087391
-0.008718729
-0.008718729
-0.008718729
-0.009796321
-0.008718729
-0.008718729
-0.008718729
-0.008718729
-0.008718729
-0.008718729
-0.008718729
-0.008718729
-0.008718729
-0.007641137
-0.007641137
-0.007641137
-0.006563544
-0.00440836
-0.005485952
-0.00440836
-0.00440836
-9.799004E-05
0.005289912
0.02468657
0.06024706
0.1249024
0.1992561
0.283308
0.3350323
0.349041
0.3393427
0.3242564
0.3221012
0.3231789
0.3231789
0.3091701
0.283308
0.2499027
0.2164975
0.1895578
0.1712388
0.1615404
0.1518421
0.1356783
0.1227472
0.1055058
0.08934188
0.07641089
0.0667125
0.05593669
0.04947114
0.04300559
0.03869522
0.03654003
0.03438485
0.03007448
0.02899694
0.0354625
0.05054867
0.08718669
0.1432214
0.2143424
0.3070149
0.3889118
0.4546448
0.493438
0.5074466
0.5128345
0.511757
0.5182226
0.5322312
0.5462399
0.5613261
0.5753348
0.5882659
0.5979642
0.6098176
0.6227487
0.632447
0.6443005
0.6572316
0.6701627
0.6852489
0.7003351
0.7132663
0.7261972
0.7423612
0.7596025
0.7736112
0.7843871
0.795163
0.8027061
0.8080941
0.8102493
0.8091717
0.8037838
0.7962406
0.7833096
0.771456
0.7596025
0.7509818
0.7488266
0.7488266
0.753137
0.7563698
0.7606802
0.7628354
0.7628354
0.7628354
0.7628354
0.7639129
0.7649906
0.7628354
0.7628354
0.7617577
0.758525
0.758525
0.7542146
0.7542146
0.7499043
0.7455939
0.7434387
0.7412835
0.7358956
0.7326628
0.7283524
0.7251197
0.7251197
0.7251197
0.7251197
0.7272749
0.7305076
0.7358956
0.740206
0.7445164
0.7488266
0.7509818
0.7499043
0.7499043
0.7499043
0.7499043
0.7499043
0.7466716
0.7466716
0.7466716
0.7455939
0.7455939
0.7445164
0.7455939
0.7445164
0.7466716
0.7488266
0.7488266
0.7488266
0.7488266
0.7499043
0.7520595
0.753137
0.7563698
0.7563698
0.7617577
0.7628354
0.7649906
0.7660681
0.7671458
0.7671458
0.7682233
0.7703785
0.7725337
0.7746888
0.7789992
0.7811544
0.7800767
0.7779216
0.7757664
0.776844
0.7757664
0.7757664
0.771456
0.771456
0.771456
0.7746888
0.7800767
0.7833096
0.7854648
0.7843871
0.7843871
0.7843871
0.7865423
0.7876199
0.7919303
0.7930079
0.7930079
0.7897751
0.7908527
0.7897751
0.7908527
0.7919303
0.7919303
0.7930079
0.7919303
0.7919303
0.7930079
0.7940854
0.7962406
0.7962406
0.795163
0.7940854
0.795163
0.7930079
0.7930079
0.7886975
0.7886975
0.7843871
0.7843871
0.7811544
0.7833096
0.7876199
0.7930079
0.7962406
0.8016286
0.8027061
0.8016286
0.8005509
0.8037838
0.8048613
0.8091717
0.8102493
0.8102493
0.8102493
0.8102493
0.8102493
0.8102493
0.8113269
0.8113269
0.8102493
0.8102493
0.8102493
0.8113269
0.8102493
0.8102493
0.8091717
0.8102493
0.8102493
