4
1
251
1.4
3
0.102
0.1263
1.74
0
-0.01321965
-0.01321965
-0.008911014
-0.009988189
-0.01321965
-0.01321965
-0.01214254
-0.009988189
-0.01321965
-0.01214254
-0.01106536
-0.01106536
-0.006756723
-0.01214254
-0.01429683
-0.009988189
-0.009988189
-0.009988189
-0.008911014
-0.008911014
-0.008911014
-0.009988189
-0.009988189
-0.009988189
-0.008911014
-0.008911014
-0.006756723
-0.005679548
-0.004602373
0.005092025
0.02340376
0.06002724
0.1268113
0.205444
0.2840767
0.3336262
0.3476292
0.3336262
0.319623
0.3163916
0.3163916
0.3088514
0.2905397
0.2539163
0.2140613
0.1817465
0.1569717
0.1440458
0.1375829
0.1300427
0.1138853
0.09772789
0.06649017
0.03956115
0.01694083
-0.003525257
-0.01429683
-0.02075982
-0.02183694
-0.02722275
-0.03045428
-0.03584003
-0.04553449
-0.05630612
-0.06600058
-0.07461786
-0.07784933
-0.07569498
-0.06815487
-0.05092031
-0.02291411
0.02017236
0.08372486
0.1569717
0.2345273
0.3120829
0.3713268
0.4090273
0.4284163
0.4348792
0.4338021
0.4381107
0.4488823
0.4585768
0.4704255
0.4822743
0.4919688
0.500586
0.5081261
0.5167434
0.5253607
0.5361323
0.5490583
0.5695243
0.586759
0.6050706
0.6201509
0.634154
0.6449256
0.6535429
0.6653917
0.6783175
0.6933979
0.7084781
0.7246355
0.7451016
0.7601818
0.7698762
0.7741849
0.7752621
0.7741849
0.7687991
0.7601818
0.7483331
0.7364843
0.7289442
0.7214041
0.7160182
0.714941
0.7138638
0.7170954
0.7214041
0.7246355
0.727867
0.7310984
0.7354071
0.7364843
0.7386386
0.7397158
0.7407929
0.7429472
0.7440244
0.7451016
0.7451016
0.7407929
0.7386386
0.7354071
0.7321756
0.7289442
0.727867
0.727867
0.727867
0.7257127
0.7235583
0.7170954
0.7117096
0.7030923
0.6998608
0.6977065
0.6977065
0.6998608
0.700938
0.7041694
0.7063237
0.7106324
0.7106324
0.7170954
0.7181726
0.7192497
0.7192497
0.7160182
0.7160182
0.714941
0.714941
0.7138638
0.7106324
0.7106324
0.7106324
0.7084781
0.7063237
0.7074009
0.7095553
0.7095553
0.7106324
0.7127868
0.7138638
0.714941
0.7170954
0.7181726
0.7214041
0.7257127
0.7310984
0.7310984
0.7332528
0.7321756
0.7321756
0.727867
0.727867
0.7332528
0.7375615
0.7386386
0.7386386
0.7364843
0.7354071
0.7354071
0.7364843
0.7375615
0.7397158
0.7407929
0.7386386
0.7386386
0.7364843
0.7375615
0.7397158
0.7440244
0.7451016
0.7472559
0.7461787
0.7461787
0.7472559
0.7483331
0.7494102
0.7494102
0.7515645
0.7504873
0.7515645
0.7526417
0.7537189
0.7515645
0.7526417
0.7515645
0.7494102
0.7472559
0.7451016
0.7451016
0.7407929
0.7364843
0.7375615
0.7386386
0.7429472
0.7440244
0.7515645
0.7569504
0.761259
0.7623361
0.7623361
0.7634133
0.7655677
0.7666448
0.7677219
0.7687991
0.7687991
0.7687991
0.7677219
0.7698762
0.7709534
0.7709534
0.7709534
0.7709534
0.7720306
0.7709534
