4
1
251
1.4
3
0.102
0.1263
1.74
0
-0.007693946
-0.006613553
-0.009854794
-0.007693946
-0.006613553
-0.005533099
-0.005533099
-0.006613553
-0.006613553
-0.005533099
-0.005533099
-0.005533099
-0.009854794
-0.006613553
-0.005533099
-0.005533099
-0.005533099
-0.005533099
-0.005533099
-0.004452705
-0.003372252
-0.003372252
-0.004452705
-0.003372252
-0.002291799
-0.001211405
-0.001211405
0.000949502
0.005271196
0.008512497
0.02363849
0.06145346
0.1241183
0.2051505
0.2829413
0.3391236
0.35533
0.3423649
0.3304801
0.3293997
0.3348019
0.340204
0.3337214
0.317515
0.2915847
0.2645741
0.2386438
0.2224373
0.211633
0.2029896
0.1954266
0.1867832
0.1803006
0.1716572
0.166255
0.1597724
0.1532899
0.1489682
0.1489682
0.1597724
0.1846223
0.2300003
0.302389
0.3996276
0.4893031
0.5735766
0.6189545
0.642724
0.6470457
0.6459652
0.6556891
0.6697347
0.6859411
0.7010671
0.7172736
0.7280779
0.7421234
0.7572494
0.7702146
0.7842602
0.7961448
0.8091099
0.8242359
0.8382815
0.8523271
0.8631314
0.8717748
0.8804183
0.8858204
0.8890617
0.8890617
0.8825791
0.8706944
0.854488
0.839362
0.8274772
0.8199142
0.8155925
0.8177534
0.8209947
0.8231555
0.8231555
0.8242359
0.8242359
0.8209947
0.8188338
0.8155925
0.8155925
0.8155925
0.8134317
0.8101904
0.8058686
0.8004665
0.7972252
0.7939839
0.7939839
0.7907426
0.7896622
0.7896622
0.7864209
0.7853405
0.7896622
0.7918231
0.7929035
0.7983056
0.8015469
0.8037078
0.8069491
0.8069491
0.8058686
0.8047882
0.8037078
0.8047882
0.8058686
0.8069491
0.8091099
0.8101904
0.8112708
0.8123512
0.8145121
0.8188338
0.8209947
0.8231555
0.8242359
0.8285577
0.8285577
0.8285577
0.8317989
0.8307185
0.8317989
0.8328794
0.8328794
0.8317989
0.8307185
0.8296381
0.8285577
0.8285577
0.8296381
0.8307185
0.8317989
0.8339598
0.8339598
0.8361207
0.8372011
0.8372011
0.8372011
0.8382815
0.839362
0.8404424
0.8436837
0.8480054
0.8490858
0.8534075
0.854488
0.854488
0.854488
0.8523271
0.8523271
0.8534075
0.8512467
0.8512467
0.8501662
0.8512467
0.8523271
0.8501662
0.8501662
0.8458445
0.8458445
0.8490858
0.8555684
0.8577292
0.8588097
0.8588097
0.8566488
0.8577292
0.8598901
0.8609705
0.862051
0.8642118
0.8652922
0.8663727
0.8674531
0.8663727
0.8663727
0.8685335
0.869614
0.8706944
0.8717748
0.8685335
0.8674531
0.8674531
0.8642118
0.8631314
0.8631314
0.8598901
0.8577292
0.8534075
0.8523271
0.854488
0.8609705
0.8674531
0.8717748
0.8717748
0.8717748
0.8717748
0.8717748
0.8750161
0.8760965
0.8782574
0.877177
0.8760965
0.8760965
0.8739357
0.8728553
0.8717748
0.8750161
0.8760965
0.8760965
0.8760965
0.877177
0.8782574
0.8760965
0.8760965
0.8760965
0.8728553
0.8717748
0.8717748
0.8717748
0.8717748
0.8728553
0.8739357
