4
1
251
1.4
3
0.102
0.1263
1.74
0
-0.01130462
-0.01130462
-0.01238281
-0.01130462
-0.01022643
-0.00914824
-0.008070052
-0.00914824
-0.00914824
-0.008070052
-0.008070052
-0.008070052
-0.008070052
-0.008070052
-0.008070052
-0.008070052
-0.006991863
-0.004835486
-0.008070052
-0.004835486
-0.004835486
-0.003757298
-0.003757298
-0.004835486
-0.003757298
-0.003757298
-0.001600981
-0.0005227923
0.003790021
0.008102655
0.02211916
0.06201196
0.1256249
0.2075669
0.2841179
0.3380272
0.3531218
0.3412617
0.3283236
0.3294017
0.3391054
0.3498873
0.3552781
0.3585128
0.3617473
0.36606
0.3682164
0.36606
0.3574345
0.3434181
0.3294017
0.3175417
0.3153853
0.3175417
0.3326364
0.3746855
0.441533
0.5536642
0.68089
0.8059593
0.8932923
0.9342633
0.9407325
0.9396544
0.9525925
0.9773908
1.003267
1.023753
1.0313
1.028065
1.022675
1.018362
1.020518
1.025909
1.037769
1.050707
1.062567
1.070115
1.075505
1.074427
1.062567
1.036691
1.010814
0.9752344
0.9450452
0.9224033
0.9116215
0.9094651
0.9062306
0.9029961
0.8932923
0.8825105
0.8760414
0.8749632
0.8781978
0.8825105
0.8835887
0.8879014
0.8846669
0.8792759
0.873885
0.8717287
0.8706505
0.8717287
0.873885
0.8749632
0.8792759
0.885745
0.8965269
0.9073087
0.9148561
0.9180906
0.9224033
0.9224033
0.9234816
0.9267161
0.9310288
0.9342633
0.9364197
0.9364197
0.932107
0.932107
0.932107
0.9310288
0.9353416
0.937498
0.9396544
0.9407325
0.9418106
0.9407325
0.9407325
0.9407325
0.9396544
0.9364197
0.9353416
0.932107
0.932107
0.932107
0.9310288
0.9310288
0.932107
0.9331852
0.9331852
0.9331852
0.9342633
0.932107
0.9342633
0.9353416
0.9331852
0.932107
0.932107
0.9310288
0.932107
0.932107
0.932107
0.932107
0.9342633
0.9342633
0.9353416
0.9364197
0.9364197
0.937498
0.9396544
0.9407325
0.9450452
0.9515144
0.9558271
0.9590616
0.9590616
0.9579835
0.9558271
0.9536707
0.9536707
0.9569052
0.9569052
0.9601398
0.9601398
0.9590616
0.9590616
0.9579835
0.9579835
0.9579835
0.9579835
0.9579835
0.9579835
0.9536707
0.9525925
0.9515144
0.9558271
0.9601398
0.9655308
0.9666089
0.9676871
0.9666089
0.9666089
0.9666089
0.9655308
0.9666089
0.9666089
0.9666089
0.9698435
0.9709216
0.9709216
0.9709216
0.9666089
0.9622961
0.961218
0.961218
0.9601398
0.9558271
0.9472016
0.9407325
0.9396544
0.9461234
0.9558271
0.961218
0.9590616
0.9536707
0.9504361
0.9504361
0.9525925
0.9569052
0.9579835
0.9579835
0.9579835
0.961218
0.961218
0.9622961
0.9622961
0.9622961
0.9579835
0.9579835
0.9558271
0.9536707
0.9536707
0.949358
0.9472016
0.9461234
0.9515144
0.9558271
0.9579835
0.9601398
0.9590616
0.9579835
0.9579835
0.9601398
0.961218
0.9622961
0.9622961
0.9622961
0.9622961
