4
1
251
1.4
3
0.102
0.1263
1.74
0
-0.01280123
-0.01280123
-0.01280123
-0.01064593
-0.009568274
-0.008490622
-0.009568274
-0.01064593
-0.009568274
-0.009568274
-0.009568274
-0.009568274
-0.01064593
-0.009568274
-0.009568274
-0.008490622
-0.008490622
-0.008490622
-0.008490622
-0.008490622
-0.008490622
-0.008490622
-0.008490622
-0.008490622
-0.00741297
-0.006335318
-0.005257666
-0.005257666
-0.002024651
0.003363609
0.01737309
0.05724633
0.117595
0.1994967
0.2803208
0.3309705
0.3492906
0.3385141
0.323427
0.3191164
0.320194
0.3180387
0.3072622
0.2813984
0.2501464
0.2253604
0.204885
0.1908754
0.1844095
0.1768659
0.1660894
0.1520799
0.1380703
0.1251385
0.1165173
0.1057408
0.09927487
0.09280896
0.08310997
0.07556641
0.0669452
0.06263459
0.06371224
0.0712558
0.09173131
0.1294491
0.1994967
0.2835537
0.3697661
0.4592113
0.516327
0.5454237
0.554045
0.5583556
0.5658991
0.5809864
0.5993065
0.6176265
0.6348691
0.6510339
0.6639657
0.6768976
0.6855189
0.6909071
0.6995283
0.7081496
0.7178484
0.7297027
0.7437122
0.756644
0.7695758
0.7868184
0.8019055
0.8180703
0.8320798
0.8417788
0.8504
0.8525553
0.8536329
0.8504
0.8417788
0.8310021
0.815915
0.8019055
0.791129
0.7846631
0.7846631
0.787896
0.7889737
0.7900513
0.791129
0.7889737
0.7889737
0.7868184
0.7857407
0.7846631
0.7846631
0.7835854
0.7857407
0.7857407
0.7846631
0.7846631
0.7803524
0.7760417
0.7728088
0.7684982
0.7631099
0.7587993
0.7544887
0.7534111
0.7501781
0.7491004
0.7501781
0.7512558
0.7534111
0.7577217
0.7609546
0.7641876
0.7674205
0.7706535
0.7717311
0.7749641
0.7760417
0.7760417
0.7760417
0.7760417
0.7760417
0.7760417
0.7760417
0.7760417
0.7760417
0.7760417
0.7760417
0.7760417
0.7760417
0.7760417
0.7792747
0.7792747
0.7825077
0.7846631
0.7846631
0.7868184
0.787896
0.7900513
0.7922066
0.7932843
0.7932843
0.7954396
0.7965173
0.7975949
0.7975949
0.7975949
0.7986726
0.8019055
0.8040608
0.8094491
0.8116044
0.8148373
0.8137597
0.8105267
0.8105267
0.8094491
0.8094491
0.8105267
0.8105267
0.8062161
0.8040608
0.8029832
0.8083714
0.8137597
0.815915
0.8180703
0.8169926
0.8148373
0.8169926
0.8180703
0.8191479
0.8202256
0.8223809
0.8223809
0.8202256
0.8191479
0.8191479
0.8202256
0.8234586
0.8234586
0.8234586
0.8234586
0.8256139
0.8266915
0.8277692
0.8288468
0.8288468
0.8277692
0.8256139
0.8234586
0.8234586
0.8234586
0.8191479
0.8148373
0.8105267
0.8105267
0.812682
0.8191479
0.8256139
0.8299245
0.8320798
0.8320798
0.8299245
0.8342351
0.8353127
0.8374681
0.8385458
0.8396235
0.8407011
0.8407011
0.8407011
0.8407011
0.8407011
0.8407011
0.8407011
0.8417788
0.8417788
0.8407011
0.8407011
0.8439341
0.8407011
0.8407011
0.8407011
0.8407011
0.8407011
