4
1
251
1.4
3
0.102
0.1263
1.74
0
-0.0117299
-0.01280814
-0.0117299
-0.0117299
-0.01065165
-0.01065165
-0.0117299
-0.01065165
-0.0095734
-0.0095734
-0.01065165
-0.0095734
-0.0117299
-0.0117299
-0.0095734
-0.008495212
-0.008495212
-0.0095734
-0.008495212
-0.0095734
-0.008495212
-0.008495212
-0.008495212
-0.008495212
-0.0095734
-0.007416964
-0.00418222
-0.00418222
-0.000947535
0.006600142
0.02708662
0.06482482
0.1327536
0.2179343
0.2923325
0.3397748
0.3516355
0.3365401
0.3246795
0.326836
0.3343836
0.3397748
0.3279142
0.3063495
0.2793937
0.2545942
0.2373425
0.2276384
0.2244036
0.2233254
0.216856
0.2060736
0.1931348
0.1834307
0.1791178
0.1769613
0.180196
0.1877437
0.2049954
0.2427337
0.3138973
0.4055471
0.4950408
0.5780649
0.620116
0.6395242
0.642759
0.6459937
0.6578543
0.6740278
0.6880449
0.7031401
0.7182355
0.7311742
0.7430348
0.7548954
0.7635213
0.7732254
0.7861643
0.803416
0.8163549
0.8292937
0.8379196
0.8465455
0.8540931
0.8605626
0.8627189
0.8616408
0.8530148
0.8389978
0.826059
0.8109637
0.8044943
0.8012596
0.8023378
0.803416
0.8055725
0.8023378
0.8012596
0.803416
0.8023378
0.8023378
0.7980249
0.7980249
0.7980249
0.7980249
0.7980249
0.7958684
0.7937119
0.7883208
0.785086
0.7840078
0.7829295
0.7807732
0.7818513
0.7829295
0.7840078
0.7861643
0.7883208
0.7915554
0.7958684
0.7980249
0.7969466
0.7980249
0.7980249
0.7980249
0.7991031
0.803416
0.8023378
0.8023378
0.8044943
0.8044943
0.8066508
0.807729
0.807729
0.8098855
0.8109637
0.8120419
0.8141984
0.8185114
0.8217461
0.8228242
0.8249807
0.8249807
0.8239025
0.8239025
0.8239025
0.8239025
0.8249807
0.826059
0.826059
0.8239025
0.8239025
0.8185114
0.8239025
0.8249807
0.8271372
0.8282155
0.8282155
0.8282155
0.8282155
0.8292937
0.830372
0.8314502
0.8314502
0.8314502
0.8314502
0.8336066
0.8379196
0.8411543
0.8465455
0.8476237
0.8465455
0.8454672
0.8454672
0.8476237
0.848702
0.8530148
0.8497802
0.848702
0.8497802
0.8476237
0.8465455
0.8476237
0.8465455
0.8454672
0.8422326
0.8433107
0.8465455
0.8519367
0.8540931
0.8540931
0.8519367
0.8530148
0.8530148
0.8540931
0.8573278
0.8605626
0.8648754
0.8637972
0.8627189
0.8605626
0.8594843
0.8627189
0.8659537
0.8670319
0.8648754
0.8627189
0.8627189
0.8605626
0.8616408
0.8594843
0.8584061
0.8540931
0.8497802
0.848702
0.8508584
0.8573278
0.8648754
0.8670319
0.8670319
0.8670319
0.8691884
0.8637972
0.8627189
0.8691884
0.8691884
0.8681102
0.8702667
0.8702667
0.8670319
0.8681102
0.8702667
0.8713449
0.8713449
0.8724232
0.8713449
0.8713449
0.8713449
0.8713449
0.8702667
0.8670319
0.8691884
0.8691884
0.8681102
0.8702667
0.8713449
0.8713449
0.8724232
0.8745795
0.8713449
