4
1
251
1.4
3
0.102
0.1263
1.74
0
-0.01288539
-0.01288539
-0.01180887
-0.01180887
-0.01180887
-0.01073241
-0.01073241
-0.01180887
-0.01180887
-0.01073241
-0.01073241
-0.01073241
-0.01073241
-0.01073241
-0.01073241
-0.01180887
-0.01073241
-0.01073241
-0.01073241
-0.01073241
-0.01073241
-0.01073241
-0.01073241
-0.009655893
-0.01073241
-0.007502913
-0.006426394
-0.006426394
-0.003196895
3.254414E-05
0.014027
0.05385745
0.1119883
0.1873431
0.2745395
0.3294408
0.3466648
0.3337468
0.3197523
0.3143699
0.3165228
0.3111404
0.2831514
0.2379385
0.1808841
0.1249063
0.07538736
0.05278099
0.04632199
0.05170453
0.05062795
0.04524553
0.03448045
0.0172565
3.254414E-05
-0.02472687
-0.05163932
-0.07532221
-0.09362268
-0.1033112
-0.1054642
-0.1054642
-0.1054642
-0.1054642
-0.1108466
-0.1162292
-0.1237646
-0.1302236
-0.1345296
-0.1399121
-0.1431416
-0.1409886
-0.1345296
-0.1183822
-0.09039319
-0.04840982
0.005415082
0.0710814
0.1399772
0.2056437
0.254086
0.2853044
0.3036048
0.3132933
0.3229818
0.3337468
0.3445119
0.3574297
0.3746537
0.3908012
0.4004897
0.4058722
0.4101782
0.4134077
0.4155606
0.4187901
0.4252491
0.4349376
0.4478556
0.4607736
0.476921
0.489839
0.5006039
0.5070629
0.5135219
0.5189044
0.5232104
0.5307459
0.5436639
0.5587348
0.5748823
0.5910298
0.6104068
0.6287072
0.6394721
0.6480842
0.6545432
0.6566961
0.6566961
0.6556196
0.6513137
0.6459311
0.6405486
0.6330131
0.6244012
0.6179422
0.6114832
0.6093302
0.6050242
0.6050242
0.6061007
0.6093302
0.6125597
0.6147127
0.6168656
0.6211717
0.6254777
0.6254777
0.6265541
0.6297836
0.6308602
0.6330131
0.6340897
0.6351662
0.6351662
0.6351662
0.6362426
0.6383957
0.6394721
0.6394721
0.6394721
0.6351662
0.6319367
0.6265541
0.6222482
0.6200951
0.6179422
0.6136363
0.6114832
0.6093302
0.6093302
0.6061007
0.6050242
0.6061007
0.6082537
0.6093302
0.6093302
0.6125597
0.6147127
0.6168656
0.6211717
0.6222482
0.6244012
0.6254777
0.6265541
0.6265541
0.6265541
0.6265541
0.6265541
0.6265541
0.6222482
0.6233246
0.6244012
0.6265541
0.6276307
0.6265541
0.6265541
0.6244012
0.6287072
0.6330131
0.6351662
0.6351662
0.6319367
0.6308602
0.6308602
0.6308602
0.6351662
0.6383957
0.6394721
0.6394721
0.6362426
0.6340897
0.6340897
0.6362426
0.6394721
0.6427016
0.6437781
0.6427016
0.6427016
0.6427016
0.6416252
0.6427016
0.6437781
0.6437781
0.6427016
0.6405486
0.6427016
0.6427016
0.6437781
0.6437781
0.6427016
0.6437781
0.6437781
0.6437781
0.6448547
0.6448547
0.6437781
0.6437781
0.6427016
0.6394721
0.6394721
0.6373191
0.6383957
0.6427016
0.6470076
0.6513137
0.6556196
0.661002
0.661002
0.661002
0.6642315
0.6653081
0.667461
0.667461
0.6653081
0.6653081
0.6631551
0.6620786
0.6631551
0.6642315
0.6642315
