4
1
251
1.4
3
0.102
0.1263
1.74
0
-0.01196355
-0.01304227
-0.01196355
-0.01088488
-0.01196355
-0.01088488
-0.008727551
-0.007648826
-0.01088488
-0.01088488
-0.01088488
-0.01088488
-0.01088488
-0.01088488
-0.01088488
-0.008727551
-0.007648826
-0.00657016
-0.009806216
-0.007648826
-0.007648826
-0.007648826
-0.01196355
-0.008727551
-0.00657016
-0.00657016
-0.00657016
-0.005491495
-0.001176775
0.006374002
0.02363288
0.06462264
0.1271861
0.211323
0.2889879
0.3364499
0.349394
0.3364499
0.3235056
0.319191
0.3202696
0.3159549
0.2976173
0.2630997
0.2124017
0.1757267
0.1401302
0.1228713
0.1163993
0.1099272
0.1045338
0.09482563
0.08296025
0.07001603
0.06030798
0.04952109
0.03981304
0.03657699
0.03441966
0.03873432
0.04197037
0.03657699
0.03657699
0.03657699
0.03873432
0.04952109
0.07433081
0.1142418
0.1757267
0.2717291
0.3688102
0.4572619
0.5176679
0.554343
0.5672872
0.5716019
0.5759166
0.5867034
0.5996475
0.6201425
0.6341653
0.6503454
0.6676043
0.6859418
0.698886
0.7075155
0.7085941
0.7150662
0.7247744
0.7355611
0.749584
0.7603707
0.7733148
0.7938098
0.8110687
0.8304849
0.8509798
0.8628453
0.8757894
0.8833401
0.8865762
0.8930483
0.8919696
0.8865762
0.8801041
0.8682387
0.8531371
0.836957
0.8218554
0.813226
0.8089113
0.8089113
0.8078326
0.8121474
0.8153833
0.8175408
0.8153833
0.8153833
0.8121474
0.8089113
0.8089113
0.8089113
0.8089113
0.8110687
0.8121474
0.8089113
0.8089113
0.8089113
0.8024392
0.7959671
0.7905737
0.7862591
0.7787082
0.7733148
0.7657641
0.7657641
0.7657641
0.7625281
0.7625281
0.7657641
0.7679214
0.7711575
0.7765509
0.7808657
0.7862591
0.7873377
0.7905737
0.7905737
0.7916524
0.7916524
0.7884164
0.7905737
0.7873377
0.783023
0.783023
0.783023
0.7841017
0.7851803
0.7851803
0.783023
0.783023
0.7819443
0.7819443
0.783023
0.7851803
0.7884164
0.7905737
0.7938098
0.7970458
0.7981246
0.8024392
0.806754
0.8089113
0.8110687
0.8056753
0.8143047
0.8186194
0.8229342
0.8218554
0.8218554
0.8218554
0.8175408
0.8196981
0.8175408
0.8143047
0.8099899
0.8089113
0.8089113
0.8110687
0.8153833
0.8207768
0.8218554
0.8175408
0.8250915
0.8261702
0.8283275
0.8326422
0.8347996
0.8358783
0.8347996
0.8315636
0.8304849
0.8304849
0.8304849
0.8304849
0.8315636
0.8304849
0.8304849
0.836957
0.8304849
0.8294061
0.8304849
0.8294061
0.8337209
0.8347996
0.8347996
0.8347996
0.8347996
0.8337209
0.8304849
0.8272488
0.8261702
0.8218554
0.8218554
0.8272488
0.8358783
0.836957
0.8412716
0.8434291
0.8445077
0.8477437
0.846665
0.8509798
0.8520584
0.8509798
0.8520584
0.8520584
0.8499011
0.8509798
0.8520584
0.8499011
0.8477437
0.8509798
0.8542159
0.8531371
0.8531371
0.8520584
0.8520584
0.8520584
0.8499011
0.8477437
