4
1
251
1.4
3
0.102
0.1263
1.74
0
-0.01017606
-0.01017606
-0.01017606
-0.008016527
-0.009096324
-0.008016527
-0.008016527
-0.009096324
-0.008016527
-0.008016527
-0.008016527
-0.008016527
-0.008016527
-0.008016527
-0.008016527
-0.006936729
-0.005856931
-0.004777193
-0.003697395
-0.004777193
-0.003697395
-0.003697395
-0.003697395
-0.003697395
-0.003697395
-0.0015378
0.0006217957
0.002781272
0.00386107
0.01033974
0.02653658
0.06432891
0.1345149
0.2133391
0.2889239
0.342913
0.3547907
0.3439928
0.3310355
0.3321153
0.3396738
0.3504715
0.3547907
0.3547907
0.3580301
0.3601896
0.3645087
0.3666683
0.3677481
0.363429
0.363429
0.3666683
0.3720672
0.3807055
0.4087799
0.4616892
0.5567101
0.7003213
0.8460921
0.976746
1.075006
1.10524
1.100921
1.095522
1.103081
1.125756
1.147352
1.15599
1.15383
1.147352
1.139793
1.136554
1.135474
1.136554
1.136554
1.138713
1.139793
1.140873
1.136554
1.125756
1.100921
1.05881
1.009139
0.95623
0.9119589
0.8892834
0.8838845
0.8849643
0.8860441
0.8828048
0.8741665
0.8655282
0.8622888
0.8633686
0.8698473
0.8752463
0.8774059
0.8806452
0.8806452
0.8774059
0.8774059
0.8774059
0.8795654
0.8849643
0.8892834
0.8957622
0.9076397
0.9227568
0.9432726
0.9616289
0.9702672
0.971347
0.9681076
0.9670279
0.9681076
0.9724268
0.9778256
0.9799852
0.976746
0.9745864
0.9724268
0.971347
0.9681076
0.9681076
0.971347
0.9724268
0.9724268
0.971347
0.9681076
0.9659481
0.9627087
0.9573098
0.9508311
0.9454322
0.9421928
0.9378737
0.9378737
0.941113
0.941113
0.941113
0.9421928
0.9432726
0.9443524
0.946512
0.946512
0.9454322
0.9454322
0.946512
0.9454322
0.9454322
0.946512
0.946512
0.946512
0.946512
0.9475918
0.9486716
0.9497514
0.9540704
0.95623
0.9583896
0.9594693
0.9616289
0.9627087
0.9637885
0.9659481
0.9724268
0.9778256
0.9821448
0.981065
0.9799852
0.976746
0.9756662
0.9756662
0.976746
0.9789054
0.9799852
0.981065
0.981065
0.9778256
0.976746
0.976746
0.976746
0.9756662
0.976746
0.9735066
0.9724268
0.9681076
0.9691874
0.9735066
0.9799852
0.9832246
0.9843044
0.9853842
0.9853842
0.9821448
0.9832246
0.981065
0.981065
0.981065
0.981065
0.9821448
0.9821448
0.9832246
0.981065
0.9778256
0.9724268
0.9724268
0.9724268
0.9691874
0.9627087
0.9540704
0.946512
0.9475918
0.9573098
0.9681076
0.9724268
0.9670279
0.9616289
0.9594693
0.9616289
0.9648683
0.9670279
0.9681076
0.9681076
0.9691874
0.9702672
0.971347
0.9724268
0.9691874
0.9681076
0.9670279
0.9659481
0.9648683
0.9616289
0.9594693
0.9551502
0.9540704
0.95623
0.9648683
0.9702672
0.9735066
0.9745864
0.9724268
0.9724268
0.9724268
0.9724268
0.9756662
0.976746
0.9756662
0.9735066
0.9724268
