4
1
251
1.4
3
0.102
0.1263
1.74
0
-0.01229841
-0.01121902
-0.01121902
-0.01121902
-0.01121902
-0.01013964
-0.009060264
-0.01013964
-0.01121902
-0.01121902
-0.009060264
-0.01121902
-0.009060264
-0.007980883
-0.007980883
-0.009060264
-0.007980883
-0.006901503
-0.006901503
-0.006901503
-0.006901503
-0.005822122
-0.006901503
-0.004742742
-0.003663361
-0.002583981
-0.002583981
0.0006542206
0.003892303
0.008209825
0.02763867
0.07513154
0.1463706
0.2240862
0.3007222
0.3460563
0.3503739
0.3374213
0.3298656
0.3341831
0.3438976
0.3525326
0.3568501
0.362247
0.3633264
0.3654852
0.3644058
0.3568501
0.3460563
0.3331038
0.3233893
0.3147542
0.3125955
0.3190718
0.3385006
0.3838346
0.4604708
0.5738058
0.7033316
0.8188255
0.9040966
0.9386368
0.9397162
0.9375575
0.9526688
0.9764152
0.9990822
1.016352
1.021749
1.02067
1.02067
1.01959
1.022829
1.032543
1.044416
1.05521
1.064924
1.07248
1.075718
1.07356
1.059528
1.034702
1.0034
0.9699389
0.9397162
0.9202873
0.9127316
0.9105729
0.9084141
0.9051759
0.8976203
0.8889853
0.882509
0.882509
0.882509
0.8846678
0.8868265
0.8879058
0.8857471
0.8803502
0.8760327
0.8717152
0.8727945
0.8738739
0.8738739
0.877112
0.8814296
0.8879058
0.8976203
0.9094934
0.9181285
0.9202873
0.9213667
0.9213667
0.9202873
0.9246048
0.9289223
0.9332399
0.9343193
0.9343193
0.9321605
0.9300017
0.9321605
0.9332399
0.9353987
0.936478
0.9375575
0.9429543
0.9407955
0.9407955
0.941875
0.9386368
0.9375575
0.9343193
0.9332399
0.9300017
0.9300017
0.9310812
0.9321605
0.9332399
0.9343193
0.9343193
0.9343193
0.9343193
0.9343193
0.9343193
0.9343193
0.9343193
0.9343193
0.9343193
0.9321605
0.9332399
0.9343193
0.9321605
0.9332399
0.9343193
0.9343193
0.9343193
0.9353987
0.936478
0.9375575
0.9386368
0.941875
0.941875
0.9483513
0.9515893
0.9591451
0.9602244
0.9602244
0.9569863
0.9559069
0.9559069
0.9548275
0.9559069
0.9580656
0.9591451
0.9602244
0.9602244
0.9613038
0.9602244
0.9602244
0.9580656
0.9591451
0.9569863
0.9559069
0.9537481
0.9515893
0.9537481
0.9591451
0.9656214
0.9677801
0.9677801
0.9688594
0.9677801
0.9667007
0.9656214
0.9667007
0.9677801
0.9688594
0.9677801
0.9688594
0.973177
0.973177
0.9688594
0.9667007
0.9645419
0.9613038
0.9634626
0.9602244
0.9580656
0.9494306
0.9429543
0.9429543
0.9515893
0.9591451
0.9634626
0.9602244
0.9559069
0.9548275
0.9548275
0.9569863
0.9591451
0.9602244
0.9602244
0.9613038
0.9634626
0.9645419
0.9656214
0.9645419
0.9623832
0.9623832
0.9602244
0.9591451
0.9569863
0.9548275
0.9515893
0.9472718
0.9494306
0.9537481
0.9580656
0.9623832
0.9645419
0.9623832
0.9623832
0.9613038
0.9623832
0.9634626
0.9645419
0.9645419
0.9623832
0.9602244
