4
1
251
1.4
3
0.102
0.1263
1.74
0
-0.01286662
-0.01286662
-0.01286662
-0.01286662
-0.01178896
-0.01071131
-0.00963366
-0.00963366
-0.01071131
-0.01286662
-0.01286662
-0.01178896
-0.00963366
-0.00963366
-0.01071131
-0.008556008
-0.00963366
-0.008556008
-0.008556008
-0.00963366
-0.008556008
-0.008556008
-0.008556008
-0.008556008
-0.008556008
-0.007478356
-0.005323052
-0.0042454
-0.003167748
0.005453587
0.02054071
0.0593363
0.1261511
0.2037424
0.2845665
0.3362941
0.3481483
0.3362941
0.3222846
0.3190516
0.3190516
0.3147409
0.2910326
0.2522368
0.208053
0.163869
0.132617
0.1142968
0.1110638
0.1078309
0.1035203
0.0916661
0.07657886
0.06041396
0.04640448
0.03455031
0.02700663
0.02161837
0.01946306
0.01730776
0.01623011
0.01299715
0.01299715
0.01084185
0.0119195
0.0140748
0.02700663
0.04963744
0.09382141
0.1606361
0.2457709
0.3373717
0.414963
0.4742341
0.5054861
0.5162628
0.5205734
0.5259616
0.5378158
0.5496701
0.5669125
0.5863104
0.6046306
0.6207954
0.6337273
0.6423485
0.6488144
0.6563581
0.6617464
0.6692899
0.6789888
0.6897655
0.7016196
0.7156292
0.728561
0.7458036
0.7641237
0.7813662
0.7986088
0.8158512
0.8287832
0.8352491
0.8395597
0.841715
0.8406373
0.8352491
0.8255502
0.8147736
0.8018417
0.7878321
0.7781333
0.7749003
0.7716674
0.7716674
0.7738227
0.7781333
0.7792109
0.7802886
0.7781333
0.775978
0.7749003
0.7716674
0.7716674
0.7749003
0.775978
0.7792109
0.7802886
0.7781333
0.7781333
0.775978
0.7749003
0.7716674
0.766279
0.7608907
0.7555025
0.7490366
0.7458036
0.741493
0.7382599
0.7382599
0.7404153
0.7436483
0.7468812
0.7501142
0.7511919
0.7533472
0.7555025
0.7576578
0.7608907
0.7608907
0.7598131
0.7598131
0.7587354
0.7587354
0.7576578
0.7576578
0.7587354
0.7608907
0.7608907
0.7587354
0.7587354
0.7587354
0.7576578
0.7544248
0.7555025
0.7576578
0.7587354
0.7587354
0.7608907
0.763046
0.766279
0.7695121
0.772745
0.7770556
0.7813662
0.7835215
0.7878321
0.7910651
0.7921427
0.7932204
0.7932204
0.7932204
0.7921427
0.7889098
0.7878321
0.7845992
0.7802886
0.7802886
0.7824439
0.7878321
0.7899874
0.7910651
0.7910651
0.7921427
0.7932204
0.7953757
0.8007641
0.8029194
0.8050747
0.8050747
0.8018417
0.8007641
0.7996864
0.8018417
0.8050747
0.8061523
0.8061523
0.8061523
0.803997
0.8018417
0.8018417
0.8018417
0.803997
0.8050747
0.8061523
0.8061523
0.8061523
0.8061523
0.8061523
0.8018417
0.8018417
0.8018417
0.7975311
0.7942981
0.7942981
0.7975311
0.8029194
0.8093853
0.8136959
0.8169289
0.8180065
0.8169289
0.8201618
0.8223171
0.8233948
0.8233948
0.8233948
0.8233948
0.8233948
0.8233948
0.8223171
0.8233948
0.8244724
0.8255502
0.8266279
0.8266279
0.8266279
0.8277055
0.8277055
0.8244724
0.8223171
