4
1
251
8
5
0.15
0.08
0
0.01604974
0.01268339
0.01268339
0.01268339
0.01380551
0.01492763
0.01380551
0.01604974
0.01380551
0.01380551
0.01380551
0.01268339
0.01268339
0.01268339
0.01380551
0.01492763
0.01380551
0.01717186
0.01829398
0.01717186
0.01717186
0.01717186
0.01829398
0.02053821
0.02166033
0.02166033
0.01717186
0.01717186
0.02053821
0.03624797
0.06542325
0.126018
0.2124218
0.2887263
0.3302449
0.3380998
0.3302449
0.3280007
0.3369777
0.3425883
0.3448325
0.3481989
0.3504432
0.3515654
0.3549317
0.3538096
0.3538096
0.3504432
0.3515654
0.3493211
0.3493211
0.3493211
0.3493211
0.3526875
0.3549317
0.3616644
0.3796184
0.4110379
0.4716327
0.5658913
0.6859587
0.8026599
0.8856971
0.9227273
0.9373149
0.9507804
0.9687345
0.9878106
0.9990318
1.004642
1.004642
1.004642
1.006887
1.013619
1.020352
1.022596
1.020352
1.015864
1.015864
1.020352
1.022596
1.022596
1.024841
1.027085
1.023719
1.016986
1.000154
0.9754672
0.9462919
0.9137503
0.8946742
0.8879414
0.8834529
0.8789644
0.8722316
0.8699874
0.8711095
0.8733537
0.8733537
0.8722316
0.8722316
0.8744758
0.8789644
0.8823308
0.8812087
0.8789644
0.8812087
0.8823308
0.8812087
0.8834529
0.8823308
0.8834529
0.8834529
0.8901856
0.8924299
0.9002848
0.9115061
0.9193609
0.9260937
0.9272158
0.9283379
0.9317043
0.9339485
0.9350706
0.9373149
0.9361928
0.9361928
0.9384371
0.9406813
0.9406813
0.9384371
0.9395592
0.9418035
0.9418035
0.9418035
0.9395592
0.9406813
0.9418035
0.9418035
0.9440477
0.9440477
0.9440477
0.9418035
0.9384371
0.9406813
0.9373149
0.9350706
0.9350706
0.9361928
0.9350706
0.9373149
0.9373149
0.9384371
0.9361928
0.9373149
0.9361928
0.9395592
0.9395592
0.9406813
0.9395592
0.9395592
0.9440477
0.9429256
0.9429256
0.9418035
0.9406813
0.9418035
0.9429256
0.9451698
0.9462919
0.9451698
0.9462919
0.9485362
0.9496583
0.9496583
0.9507804
0.9485362
0.9440477
0.9485362
0.9507804
0.9507804
0.9507804
0.9496583
0.9507804
0.9519025
0.955269
0.9507804
0.9496583
0.9507804
0.9519025
0.9541469
0.955269
0.9530246
0.9530246
0.9519025
0.9541469
0.955269
0.955269
0.9563911
0.9530246
0.9541469
0.9575132
0.9575132
0.9575132
0.955269
0.9563911
0.9586353
0.9575132
0.9597574
0.9586353
0.9597574
0.9575132
0.9597574
0.9597574
0.9620017
0.9597574
0.9597574
0.9586353
0.9586353
0.9608796
0.9642459
0.9631238
0.9631238
0.9597574
0.9631238
0.9642459
0.9642459
0.9597574
0.9586353
0.9620017
0.9631238
0.9687345
0.9642459
0.9631238
0.9631238
0.9631238
0.9631238
0.9642459
0.9631238
0.9642459
0.9642459
0.9642459
0.9642459
0.9631238
0.9642459
0.9642459
0.9631238
0.965368
0.9664901
0.9664901
0.9642459