0.005894997
0.017112815
0.023523057
0.029933157
0.026728107
0.026728107
0.021920532
0.018715483
0.020318007
0.020318007
0.020318007
0.018715483
0.013907765
0.012305097
0.013907765
0.012305097
0.01551029
0.013907765
0.013907765
0.020318007
0.039548449
0.068394327
0.142111187
0.260699318
0.416146093
0.574797918
0.70620639
0.779923251
0.808769128
0.824794664
0.848832823
0.879281082
0.896909142
0.912934391
0.919344634
0.922549684
0.928959927
0.938575219
0.946587844
0.949792893
0.951395561
0.952998086
0.956203279
0.961010711
0.96261252
0.967420238
0.967420238
0.972227956
0.973831482
0.980241296
0.97062586
0.956203279
0.928959927
0.896909142
0.860050641
0.824794664
0.805564079
0.795948786
0.786333637
0.781525919
0.776718344
0.776718344
0.770308102
0.771910627
0.767103052
0.768705577
0.776718344
0.779923251
0.781525919
0.776718344
0.776718344
0.776718344
0.776718344
0.781525919
0.779923251
0.776718344
0.770308102
0.771910627
0.775115819
0.781525919
0.784730969
0.787936162
0.797551311
0.810371796
0.819986946
0.826397188
0.832807288
0.832807288
0.837615006
0.839217388
0.844025105
0.847230298
0.847230298
0.84562763
0.847230298
0.84562763
0.847230298
0.853640398
0.853640398
0.855242923
0.853640398
0.853640398
0.855242923
0.860050641
0.858447973
0.858447973
0.861653165
0.860050641
0.863255547
0.860050641
0.860050641
0.858447973
0.85203773
0.848832823
0.847230298
0.85203773
0.853640398
0.853640398
0.853640398
0.853640398
0.85203773
0.855242923
0.853640398
0.855242923
0.856845448
0.856845448
0.861653165
0.86646074
0.860050641
0.860050641
0.858447973
0.864858072
0.861653165
0.861653165
0.863255547
0.860050641
0.863255547
0.86646074
0.86646074
0.863255547
0.864858072
0.864858072
0.864858072
0.868063265
0.868063265
0.86966579
0.874473365
0.872870983
0.872870983
0.879281082
0.872870983
0.872870983
0.864858072
0.871268458
0.874473365
0.87607589
0.877678558
0.87607589
0.872870983
0.874473365
0.874473365
0.87607589
0.87607589
0.877678558
0.87607589
0.87607589
0.879281082
0.880883607
0.882486132
0.879281082
0.877678558
0.87607589
0.87607589
0.879281082
0.879281082
0.877678558
0.87607589
0.882486132
0.882486132
0.882486132
0.879281082
0.877678558
0.877678558
0.877678558
0.877678558
0.8840888
0.880883607
0.879281082
0.880883607
0.8840888
0.882486132
0.882486132
0.882486132
0.880883607
0.8840888
0.8840888
0.8840888
0.885691182
0.8840888
0.879281082
0.874473365
0.879281082
0.879281082
0.879281082
0.879281082
0.8840888
0.8840888
0.885691182
0.880883607
0.879281082
0.877678558
0.880883607
0.8840888
0.882486132
0.882486132
0.882486132
0.882486132
0.882486132
0.882486132
0.882486132
0.882486132
0.882486132
0.882486132
0.882486132
0.882486132
0.882486132
0.882486132
0.882486132
0.882486132
0.882486132
0.882486132
0.882486132
0.882486132
0.882486132
0.882486132
0.882486132
0.882486132
0.882486132
0.882486132
0.882486132
0.882486132
0.882486132
0.882486132
0.882486132
0.882486132
0.882486132
0.882486132
0.882486132
0.882486132
0.882486132
0.882486132
