4
1
251
1.4
3
0.102
0.1263
1.74
0
-0.009803891
-0.008725464
-0.009803891
-0.008725464
-0.007647038
-0.007647038
-0.007647038
-0.007647038
-0.007647038
-0.009803891
-0.009803891
-0.01088232
-0.009803891
-0.009803891
-0.008725464
-0.007647038
-0.007647038
-0.008725464
-0.006568611
-0.007647038
-0.006568611
-0.006568611
-0.006568611
-0.006568611
-0.006568611
-0.005490184
-0.002254903
-0.002254903
0.0009803772
0.007450938
0.02578413
0.06892109
0.1303914
0.2080379
0.292155
0.3385273
0.3493116
0.3385273
0.3277431
0.3255862
0.3320568
0.3342136
0.3288214
0.3115667
0.2932334
0.2759787
0.2630376
0.2554886
0.2500964
0.2447044
0.236077
0.2231358
0.2080379
0.1950969
0.1832341
0.170293
0.1605872
0.1444108
0.1228423
0.09803855
0.0732348
0.05166626
0.04303896
0.05058789
0.08941114
0.142254
0.2328416
0.3374488
0.4355855
0.5304869
0.599506
0.6447999
0.6739174
0.6997995
0.7299955
0.7601913
0.794701
0.8259753
0.8486222
0.865877
0.8745043
0.8831317
0.8949945
0.9079355
0.9219551
0.9359746
0.9510726
0.9650921
0.9834253
1.001759
1.022249
1.044895
1.068621
1.09666
1.120385
1.141954
1.160287
1.17215
1.175385
1.169993
1.154895
1.138718
1.120385
1.098817
1.08264
1.065386
1.056758
1.048131
1.04166
1.033033
1.026562
1.017935
1.012543
1.007151
1.002837
0.9985232
0.9974447
0.993131
0.987739
0.9855821
0.98019
0.972641
0.9650921
0.9575431
0.9467589
0.937053
0.9251903
0.9133277
0.9014649
0.8874454
0.8745043
0.8637202
0.8550928
0.8497006
0.8464653
0.8443085
0.8486222
0.8540143
0.858328
0.8647985
0.8669554
0.8691123
0.8691123
0.8691123
0.8691123
0.8691123
0.8680339
0.8691123
0.8691123
0.8691123
0.8680339
0.865877
0.8647985
0.8647985
0.865877
0.8680339
0.8712691
0.873426
0.8766612
0.8777397
0.8809749
0.8842102
0.8863671
0.8896023
0.8928376
0.8971514
0.9025434
0.9068571
0.9079355
0.9111708
0.9122492
0.9133277
0.9154845
0.9197983
0.9230335
0.9273472
0.929504
0.9305825
0.9327393
0.9305825
0.929504
0.9284257
0.9316609
0.9327393
0.9338177
0.9327393
0.9327393
0.9327393
0.9359746
0.9413667
0.9467589
0.9467589
0.9424452
0.9424452
0.9424452
0.9456804
0.9456804
0.9456804
0.9456804
0.9435235
0.9424452
0.9392098
0.9381315
0.9381315
0.9381315
0.9413667
0.9413667
0.9413667
0.944602
0.9467589
0.9478372
0.9499941
0.9510726
0.9499941
0.9467589
0.9424452
0.9392098
0.9338177
0.929504
0.924112
0.9208766
0.9197983
0.9219551
0.9284257
0.9316609
0.9338177
0.9348961
0.9338177
0.9338177
0.9348961
0.937053
0.9402883
0.9424452
0.944602
0.9456804
0.9467589
0.9478372
0.9499941
0.9499941
0.9521509
0.9532294
0.9521509
0.9532294
0.9510726
0.9510726
0.9510726
0.9510726
0.9510726
0.9510726
0.9510726
0.9510726
