4
1
251
1.4
3
0.102
0.1263
1.74
0
-0.009795964
-0.009795964
-0.009795964
-0.008718431
-0.009795964
-0.009795964
-0.008718431
-0.008718431
-0.008718431
-0.009795964
-0.008718431
-0.008718431
-0.008718431
-0.008718431
-0.008718431
-0.008718431
-0.008718431
-0.008718431
-0.008718431
-0.008718431
-0.008718431
-0.006563306
-0.006563306
-0.005485773
-0.006563306
-0.005485773
-0.004408181
-0.004408181
-0.002253115
0.00421226
0.02145302
0.06347764
0.1292084
0.2067922
0.2908413
0.3382537
0.3522619
0.3382537
0.3264006
0.3264006
0.3317884
0.3360986
0.3264006
0.3102373
0.2876087
0.2692903
0.2542045
0.2466617
0.2434291
0.2391188
0.233731
0.2272657
0.2175678
0.2100248
0.2046371
0.1981717
0.1938616
0.1873963
0.1798534
0.1776983
0.1852411
0.2057147
0.2595923
0.3447191
0.4589397
0.5753154
0.6927687
0.7746627
0.8285404
0.8576343
0.8813405
0.9007365
0.9158223
0.930908
0.9416835
0.9578468
0.9750876
0.9934061
1.010647
1.0225
1.033276
1.040818
1.049439
1.062369
1.080688
1.095774
1.111937
1.130255
1.147496
1.160427
1.170125
1.179823
1.178745
1.170125
1.151806
1.124867
1.090386
1.061292
1.030043
1.009569
0.9955611
0.9858632
0.9793979
0.9740101
0.9696999
0.9643121
0.9600019
0.9535365
0.9470712
0.9416835
0.9362957
0.930908
0.9265977
0.9233651
0.9158223
0.9082793
0.8996589
0.8878058
0.8770303
0.8651772
0.8544017
0.8457812
0.8393159
0.8360833
0.831773
0.8328506
0.8403935
0.8468589
0.8544017
0.8630221
0.8705649
0.8791854
0.8845732
0.8878058
0.8899609
0.8910385
0.8921161
0.8921161
0.8942711
0.8953487
0.8985814
0.9028915
0.9050467
0.9082793
0.9082793
0.9082793
0.9104345
0.911512
0.9158223
0.9212099
0.9244426
0.9298304
0.9341406
0.9384508
0.9416835
0.9427611
0.9438386
0.9438386
0.9395283
0.9395283
0.9395283
0.9395283
0.9384508
0.9373733
0.9352182
0.9352182
0.9352182
0.9352182
0.9373733
0.9395283
0.9427611
0.9459937
0.9513814
0.9535365
0.9556917
0.9535365
0.952459
0.952459
0.9492264
0.9470712
0.9438386
0.9438386
0.9406059
0.9395283
0.9362957
0.933063
0.9287529
0.9276752
0.933063
0.9395283
0.9406059
0.9406059
0.9395283
0.9406059
0.9427611
0.9438386
0.9438386
0.9459937
0.9459937
0.9459937
0.9438386
0.9438386
0.9427611
0.9438386
0.9481488
0.9503039
0.9492264
0.9513814
0.952459
0.952459
0.9503039
0.9481488
0.9481488
0.9481488
0.9438386
0.9438386
0.9384508
0.9352182
0.933063
0.9352182
0.9416835
0.9470712
0.9513814
0.952459
0.9546142
0.9556917
0.9567692
0.9578468
0.9589243
0.9600019
0.9578468
0.9589243
0.9578468
0.9567692
0.9567692
0.9567692
0.9567692
0.9535365
0.952459
0.952459
0.9556917
0.9556917
0.9556917
0.952459
0.952459
0.952459
0.9492264
0.9470712
0.9438386
0.9438386
0.9416835
