4
1
251
1.4
3
0.102
0.1263
1.74
0
-0.01270616
-0.01055038
-0.008394539
-0.01162827
-0.01162827
-0.008394539
-0.008394539
-0.009472489
-0.009472489
-0.008394539
-0.008394539
-0.009472489
-0.008394539
-0.009472489
-0.009472489
-0.009472489
-0.008394539
-0.008394539
-0.008394539
-0.008394539
-0.008394539
-0.008394539
-0.008394539
-0.007316649
-0.005160868
-0.005160868
-0.004082918
-0.001927137
-0.000849247
0.009929776
0.03041005
0.07999372
0.1489797
0.2319783
0.3063538
0.3462362
0.3483921
0.3333014
0.326834
0.3300676
0.3365351
0.3365351
0.3279119
0.3095875
0.2869514
0.268627
0.2524585
0.247069
0.2416794
0.2406015
0.2341341
0.2255108
0.2168876
0.2093424
0.2039528
0.2028749
0.1964074
0.1910179
0.18994
0.1964074
0.2244329
0.2761724
0.3688723
0.4885198
0.6200242
0.7342821
0.8086576
0.8571633
0.8765657
0.8862668
0.9013574
0.9186039
0.9336946
0.9509411
0.9703434
0.9897457
1.00807
1.023161
1.03394
1.040407
1.051186
1.063043
1.082446
1.102926
1.122328
1.138497
1.150354
1.161133
1.169756
1.175145
1.176223
1.168678
1.152509
1.12125
1.087835
1.05442
1.022083
1.002681
0.9886677
0.9822004
0.9768108
0.974655
0.9703434
0.9660318
0.9595643
0.9498632
0.9455516
0.9369284
0.929383
0.9218377
0.917526
0.9110587
0.9035133
0.8948901
0.8873447
0.8776436
0.8636308
0.8539296
0.8442285
0.8399168
0.8366832
0.8366832
0.8388389
0.8420727
0.8485401
0.8560854
0.8636308
0.872254
0.8797994
0.8851889
0.8862668
0.8884226
0.8884226
0.8873447
0.8873447
0.8916563
0.8927342
0.8938122
0.8970459
0.8992016
0.9056691
0.9110587
0.9153702
0.917526
0.9186039
0.9229156
0.9261492
0.9315388
0.9358504
0.9423178
0.9433957
0.9487853
0.9487853
0.9455516
0.9444736
0.9423178
0.94124
0.9401621
0.9380063
0.9358504
0.9347725
0.9358504
0.9347725
0.9347725
0.9358504
0.9358504
0.9380063
0.9390842
0.9401621
0.94124
0.9455516
0.9466295
0.9509411
0.9530969
0.952019
0.9487853
0.9455516
0.9444736
0.94124
0.9401621
0.9358504
0.9358504
0.9358504
0.9326167
0.9315388
0.9315388
0.929383
0.9304609
0.9358504
0.9423178
0.9433957
0.9423178
0.9401621
0.9423178
0.9423178
0.9433957
0.9444736
0.9444736
0.9444736
0.9444736
0.9433957
0.9444736
0.9455516
0.9509411
0.952019
0.9563307
0.9563307
0.9563307
0.9541749
0.9530969
0.9509411
0.9509411
0.9498632
0.952019
0.9477074
0.9423178
0.9369284
0.9315388
0.9336946
0.9433957
0.9509411
0.9552528
0.9563307
0.9541749
0.9563307
0.9563307
0.9563307
0.9574085
0.9606422
0.9595643
0.9574085
0.9574085
0.9574085
0.9552528
0.9530969
0.9530969
0.9530969
0.952019
0.952019
0.9541749
0.9552528
0.9530969
0.9530969
0.9509411
0.9487853
0.9444736
0.94124
0.9401621
0.9401621
0.94124
0.9423178
