4
1
251
1.4
3
0.102
0.1263
1.74
0
-0.008851767
-0.008851767
-0.008851767
-0.008851767
-0.008851767
-0.009929657
-0.008851767
-0.008851767
-0.008851767
-0.008851767
-0.008851767
-0.008851767
-0.008851767
-0.008851767
-0.008851767
-0.008851767
-0.008851767
-0.007773876
-0.008851767
-0.008851767
-0.007773876
-0.006695986
-0.005618095
-0.004540205
-0.004540205
-0.004540205
-0.004540205
-0.001306593
0.001927137
0.009472251
0.02887416
0.07198954
0.1377405
0.2218155
0.300501
0.3436164
0.3522395
0.3382269
0.3274481
0.3296039
0.3371491
0.3382269
0.3306818
0.3145136
0.2951117
0.2746319
0.2573856
0.2487626
0.2433732
0.2390616
0.2336721
0.2272049
0.2207376
0.2131923
0.207803
0.2024136
0.1970241
0.1937904
0.189479
0.1937904
0.2110367
0.2487626
0.3166692
0.4244577
0.5538038
0.6777605
0.7715365
0.8329759
0.8653123
0.8836364
0.8998047
0.9170508
0.9364527
0.9515431
0.9666334
0.9784902
0.9914248
1.006515
1.020528
1.037774
1.051786
1.062565
1.078733
1.097058
1.112148
1.121849
1.132628
1.14664
1.160653
1.173587
1.181133
1.183288
1.175743
1.148796
1.116459
1.084123
1.048553
1.018372
0.9968143
0.9849575
0.9784902
0.9774123
0.9741787
0.9698671
0.9644777
0.9590883
0.9536989
0.9483094
0.9439979
0.9396864
0.934297
0.924596
0.9159729
0.905194
0.8944153
0.8857921
0.8771691
0.8696239
0.8620787
0.8545336
0.8459104
0.8383653
0.8340538
0.8340538
0.8362095
0.8437546
0.8545336
0.8674681
0.8760912
0.8825585
0.8857921
0.8901037
0.8890258
0.8922595
0.8922595
0.8922595
0.8954931
0.896571
0.8976489
0.8976489
0.8998047
0.9030383
0.9095056
0.9116614
0.9170508
0.9224402
0.924596
0.9256738
0.9310633
0.9364527
0.9364527
0.9429201
0.9386085
0.9418422
0.9439979
0.9450758
0.9450758
0.9472315
0.9418422
0.9396864
0.9364527
0.934297
0.9353749
0.9353749
0.9375306
0.9396864
0.9418422
0.9396864
0.9418422
0.9439979
0.9429201
0.9439979
0.9536989
0.9536989
0.9558547
0.9569325
0.952621
0.9472315
0.9439979
0.9418422
0.9439979
0.9386085
0.934297
0.9375306
0.9332191
0.9299854
0.9267517
0.9289075
0.9353749
0.9407643
0.9450758
0.9483094
0.9429201
0.9461536
0.9439979
0.9483094
0.9483094
0.9472315
0.9472315
0.9439979
0.9429201
0.9472315
0.9493873
0.9493873
0.9504652
0.9536989
0.9547768
0.9569325
0.9536989
0.9558547
0.9536989
0.952621
0.9504652
0.9515431
0.9483094
0.9450758
0.9439979
0.9353749
0.9332191
0.9407643
0.9472315
0.9569325
0.9590883
0.9569325
0.9569325
0.9580104
0.9601662
0.9644777
0.9633999
0.9655555
0.9644777
0.9612441
0.9601662
0.9590883
0.9547768
0.9547768
0.9590883
0.9558547
0.952621
0.9558547
0.9569325
0.9569325
0.9569325
0.9569325
0.9536989
0.9504652
0.9515431
0.9504652
0.9439979
0.9396864
0.9429201
