4
1
251
1.4
3
0.102
0.1263
1.74
0
-0.01132351
-0.00809288
-0.01240039
-0.007016003
-0.009169757
-0.009169757
-0.00809288
-0.00809288
-0.01024663
-0.00809288
-0.002708495
-0.005939126
-0.01132351
-0.009169757
-0.00809288
-0.009169757
-0.00809288
-0.00809288
-0.00809288
-0.01670796
-0.01240039
-0.01240039
-0.00809288
-0.00809288
-0.00809288
-0.00809288
-0.007016003
-0.002708495
-0.001631618
0.005906582
0.02313662
0.06298113
0.1308246
0.2148212
0.2912797
0.3365086
0.3483542
0.3354317
0.3246629
0.3257397
0.3289704
0.3322011
0.3278935
0.3085097
0.2891259
0.2708189
0.2557427
0.243897
0.2352819
0.2266668
0.2180518
0.20836
0.1975911
0.1857455
0.1728228
0.153439
0.1329783
0.1071333
0.07805753
0.04898167
0.02098286
0.0005221367
-0.01670796
-0.02209234
-0.01132351
0.01775217
0.07590377
0.1394396
0.2266668
0.3268167
0.4183514
0.485118
0.5335776
0.565884
0.5992672
0.6304967
0.655265
0.6843407
0.7058783
0.7274159
0.7457229
0.7651067
0.7812599
0.7909518
0.8103356
0.8167969
0.8264889
0.8394114
0.8620259
0.8846403
0.9083316
0.9298693
0.9578681
0.9880208
1.01602
1.041865
1.069864
1.093555
1.109708
1.121554
1.130169
1.130169
1.128015
1.112939
1.10217
1.086017
1.073094
1.063402
1.059095
1.052634
1.044019
1.038634
1.03325
1.030019
1.025712
1.021404
1.01925
1.017097
1.013866
1.013866
1.011712
1.014943
1.008482
1.003097
0.9998665
0.994482
0.9880208
0.9740213
0.9643294
0.9481763
0.9363306
0.9180236
0.9051011
0.8975629
0.8954091
0.8911016
0.8846403
0.8760253
0.8792559
0.8738716
0.8695641
0.8652564
0.8706409
0.8652564
0.8706409
0.8749484
0.8760253
0.8652564
0.8663334
0.8566414
0.8566414
0.8609489
0.8598721
0.8577183
0.8534108
0.8620259
0.8609489
0.8577183
0.8534108
0.8523339
0.8512571
0.8469496
0.8458726
0.8491033
0.8587952
0.8652564
0.8663334
0.8684871
0.8760253
0.8792559
0.8771021
0.8814096
0.8824866
0.8878709
0.8900247
0.8975629
0.8986398
0.9007936
0.9007936
0.9029473
0.9007936
0.896486
0.9094086
0.9051011
0.9115623
0.9029473
0.8975629
0.8997166
0.9126391
0.9137161
0.9094086
0.9158698
0.9147929
0.9180236
0.9223311
0.9277155
0.9363306
0.9330999
0.9341768
0.9287924
0.9244848
0.923408
0.9287924
0.9309461
0.9298693
0.9255618
0.9244848
0.9341768
0.9352536
0.9427918
0.9384843
0.9395611
0.9395611
0.9352536
0.9352536
0.9352536
0.9330999
0.932023
0.9212543
0.9191005
0.9191005
0.9137161
0.9158698
0.9212543
0.9169468
0.9191005
0.9147929
0.923408
0.9223311
0.9223311
0.9244848
0.9255618
0.9277155
0.9298693
0.9309461
0.9330999
0.9330999
0.9341768
0.9352536
0.9352536
0.9395611
0.9406381
0.9384843
0.9363306
0.9395611
0.9438688
0.9406381
0.9406381
0.9395611
0.9395611
0.9395611
