4
1
251
1.4
3
0.102
0.1263
1.74
0
-0.008139729
-0.0102973
-0.0102973
-0.0102973
-0.0102973
-0.0102973
-0.0102973
-0.0102973
-0.0102973
-0.009218514
-0.0102973
-0.0102973
-0.0102973
-0.0102973
-0.0102973
-0.009218514
-0.008139729
-0.007061005
-0.007061005
-0.008139729
-0.009218514
-0.008139729
-0.007061005
-0.00598222
-0.00598222
-0.00598222
-0.00598222
-0.003824651
-0.0005883574
0.00588429
0.02314448
0.0641377
0.1234701
0.2011414
0.2788126
0.3338299
0.3521689
0.3392237
0.3262784
0.324121
0.3305936
0.3327512
0.3273573
0.3111757
0.2939154
0.2755764
0.2615523
0.2518435
0.2464496
0.239977
0.2281106
0.2173228
0.2043777
0.1957475
0.183881
0.169857
0.1525967
0.1310214
0.1072885
0.07816172
0.0468775
0.02098703
0.004805446
0.008041739
0.0371685
0.09002817
0.1720146
0.2658675
0.3780594
0.4665184
0.5409534
0.5873405
0.6197035
0.6477516
0.6779571
0.7081625
0.738368
0.7664161
0.7890702
0.808488
0.8235908
0.8376148
0.8548751
0.8678203
0.8796867
0.8937107
0.906656
0.9185225
0.9379402
0.9562793
0.9789335
1.000509
1.029636
1.059841
1.087889
1.114858
1.137512
1.152615
1.161245
1.160167
1.150458
1.135355
1.118095
1.101913
1.085732
1.074944
1.066314
1.059841
1.05229
1.044738
1.039345
1.031793
1.025321
1.021005
1.01669
1.012375
1.006981
1.003745
0.9994301
0.9994301
0.995115
0.9897212
0.9843273
0.9767759
0.9659883
0.9552006
0.9422554
0.9271525
0.9120498
0.8991046
0.8850806
0.8764504
0.8678203
0.860269
0.8570327
0.8548751
0.8548751
0.8559538
0.8570327
0.8581114
0.860269
0.8635052
0.864584
0.8656628
0.8656628
0.8656628
0.8656628
0.8656628
0.8656628
0.8656628
0.8635052
0.8591901
0.8570327
0.8537964
0.8527175
0.8559538
0.8570327
0.8570327
0.8613477
0.8613477
0.864584
0.8667415
0.8688991
0.8732141
0.8775293
0.8818443
0.8850806
0.8872381
0.8904744
0.8915532
0.8947895
0.896947
0.9001833
0.9034196
0.9077348
0.9131286
0.9163649
0.9206799
0.9206799
0.9185225
0.9163649
0.9163649
0.9174436
0.9206799
0.9217588
0.9206799
0.9174436
0.9206799
0.9239162
0.9303889
0.9336252
0.9347039
0.9347039
0.9347039
0.9347039
0.9368615
0.9379402
0.9400978
0.9390191
0.9390191
0.9357827
0.9347039
0.9336252
0.9336252
0.9347039
0.9325464
0.9357827
0.9390191
0.9400978
0.9411765
0.9433341
0.9444128
0.9454917
0.9444128
0.9433341
0.9390191
0.9347039
0.9282314
0.9249951
0.9206799
0.9174436
0.9142073
0.9163649
0.9206799
0.9260738
0.9282314
0.9293101
0.9303889
0.9303889
0.9303889
0.9325464
0.9336252
0.9368615
0.9390191
0.9400978
0.9422554
0.9422554
0.9433341
0.9454917
0.9465704
0.9476491
0.948728
0.948728
0.9476491
0.948728
0.9498067
0.9498067
0.948728
0.9476491
0.9476491
0.9476491
