4
1
251
1.4
3
0.102
0.1263
1.74
0
-0.007867813
-0.006790459
-0.008945167
-0.008945167
-0.008945167
-0.008945167
-0.008945167
-0.006790459
-0.008945167
-0.008945167
-0.008945167
-0.008945167
-0.008945167
-0.008945167
-0.008945167
-0.008945167
-0.01002252
-0.005713105
-0.007867813
-0.008945167
-0.008945167
-0.005713105
-0.005713105
-0.004635811
-0.005713105
-0.004635811
-0.004635811
-0.004635811
-0.001403749
0.008292317
0.02445245
0.06539154
0.1289548
0.2022141
0.2830149
0.336882
0.3530422
0.3422687
0.3282633
0.327186
0.3314953
0.3347274
0.3261086
0.3077937
0.2873243
0.2690095
0.2539266
0.2442305
0.2388438
0.2356118
0.2291477
0.2216063
0.2119102
0.2032914
0.1957501
0.1871313
0.1785126
0.1677392
0.1537337
0.1440376
0.1311095
0.1246454
0.1364962
0.1698939
0.2431532
0.33365
0.443539
0.5598921
0.653621
0.7182616
0.7581233
0.7839795
0.8076811
0.8378466
0.8723217
0.8971006
0.9186474
0.9348075
0.9477357
0.9606638
0.9682052
0.9725146
0.983288
0.9962162
1.008067
1.022072
1.041465
1.061934
1.084558
1.105028
1.120111
1.135193
1.147044
1.157818
1.168591
1.173978
1.170746
1.162127
1.14489
1.12442
1.095332
1.07163
1.047929
1.031769
1.016686
1.008067
0.9972935
0.9865201
0.9779013
0.9725146
0.9682052
0.9649732
0.9649732
0.9606638
0.9606638
0.9563545
0.9531224
0.9477357
0.9401942
0.9294208
0.9175701
0.9057193
0.8927912
0.8830951
0.876631
0.8680123
0.8626256
0.8561615
0.8507748
0.8443108
0.8400013
0.8400013
0.8400013
0.8453881
0.8496975
0.8583162
0.8637029
0.8712443
0.8755537
0.8809404
0.8841724
0.8874044
0.8906364
0.8917139
0.8917139
0.8874044
0.8874044
0.8863271
0.8874044
0.8863271
0.8884819
0.8917139
0.8960233
0.90141
0.9067967
0.9100287
0.9121834
0.9164927
0.9186474
0.9208021
0.9218794
0.9261888
0.9283435
0.932653
0.9348075
0.935885
0.9369622
0.9380397
0.9369622
0.9348075
0.9348075
0.9348075
0.9369622
0.9380397
0.942349
0.9445037
0.9466584
0.9466584
0.9477357
0.9477357
0.9477357
0.9488131
0.9509677
0.9509677
0.9520451
0.9434264
0.9369622
0.9348075
0.9380397
0.9412717
0.942349
0.9434264
0.942349
0.939117
0.939117
0.9412717
0.942349
0.9434264
0.9434264
0.9401942
0.939117
0.939117
0.9369622
0.939117
0.942349
0.9445037
0.9466584
0.9498904
0.9520451
0.9531224
0.9520451
0.9509677
0.9477357
0.945581
0.9434264
0.9401942
0.9369622
0.9315755
0.9272661
0.9218794
0.9229568
0.9272661
0.9337302
0.9380397
0.9434264
0.9445037
0.9434264
0.9466584
0.9488131
0.9498904
0.9541998
0.9563545
0.9563545
0.9563545
0.9563545
0.9563545
0.9563545
0.9563545
0.9563545
0.9563545
0.9520451
0.9531224
0.9520451
0.9520451
0.9520451
0.9520451
0.9520451
0.9520451
0.9509677
0.9477357
0.945581
