4
1
251
1.4
3
0.102
0.1263
1.74
0
-0.01280206
-0.01280206
-0.01280206
-0.01280206
-0.01280206
-0.01280206
-0.01172435
-0.01064664
-0.01172435
-0.01280206
-0.01280206
-0.01280206
-0.01280206
-0.01172435
-0.01064664
-0.00956893
-0.01172435
-0.00956893
-0.00956893
-0.008491158
-0.008491158
-0.008491158
-0.008491158
-0.008491158
-0.006335735
-0.005258024
-0.004180253
-0.003102541
-0.0009471178
0.005519271
0.02384067
0.0647943
0.1283802
0.2016656
0.2889614
0.3439256
0.3547028
0.3428478
0.3277596
0.3277596
0.3353038
0.3385369
0.329915
0.314827
0.2997388
0.2814174
0.2695624
0.2674069
0.2674069
0.2663292
0.2609406
0.2544742
0.2480079
0.2415415
0.2404637
0.2404637
0.2436969
0.2523187
0.2738733
0.3159046
0.3902678
0.500196
0.6456891
0.7890267
0.8860222
0.942064
0.9582299
0.9571522
0.9593077
0.9711627
0.9937949
1.016427
1.035826
1.05307
1.064925
1.071391
1.077858
1.086479
1.097257
1.111267
1.126355
1.141443
1.156532
1.167309
1.174853
1.177008
1.172698
1.164076
1.148988
1.126355
1.091868
1.050915
1.012116
0.9787067
0.9603853
0.9528413
0.9528413
0.9485304
0.9442195
0.9409863
0.9334422
0.9248204
0.9161986
0.91081
0.9054213
0.9011104
0.8967994
0.8924886
0.8860222
0.8763226
0.8623122
0.8536904
0.8450686
0.8418354
0.8407577
0.8439909
0.8461463
0.851535
0.8558458
0.8644676
0.8741672
0.8838668
0.894644
0.9011104
0.9054213
0.9054213
0.9054213
0.906499
0.9086545
0.91081
0.9129654
0.9172763
0.918354
0.9226649
0.9248204
0.9269758
0.930209
0.9334422
0.9388309
0.9452972
0.9506859
0.9560745
0.9603853
0.9614631
0.9582299
0.9571522
0.9571522
0.9539191
0.9528413
0.9506859
0.9485304
0.9442195
0.942064
0.9399086
0.9377531
0.9399086
0.9399086
0.9399086
0.9399086
0.9399086
0.9399086
0.9388309
0.9399086
0.9399086
0.9399086
0.9366754
0.9355977
0.9355977
0.9355977
0.9388309
0.942064
0.9431417
0.9442195
0.9442195
0.9442195
0.9442195
0.9442195
0.9442195
0.9474527
0.9452972
0.9452972
0.9452972
0.9474527
0.9463749
0.9442195
0.9431417
0.9399086
0.9409863
0.9452972
0.9517635
0.9549967
0.9539191
0.9528413
0.9528413
0.9549967
0.9560745
0.9593077
0.9625409
0.9646963
0.9657741
0.9679295
0.9690071
0.9690071
0.9690071
0.9690071
0.9690071
0.9657741
0.9657741
0.9646963
0.9614631
0.9614631
0.9593077
0.9593077
0.9549967
0.9474527
0.9399086
0.9409863
0.9452972
0.9560745
0.9657741
0.9700849
0.9668517
0.9657741
0.9646963
0.9636185
0.9646963
0.9657741
0.9657741
0.9636185
0.9614631
0.9571522
0.9560745
0.9603853
0.9614631
0.9614631
0.9614631
0.9614631
0.9614631
0.9582299
0.9571522
0.9539191
0.9528413
0.9485304
0.9485304
0.9442195
0.9442195
0.9463749
0.9485304
0.9517635
0.9528413
0.9528413
