4
1
251
1.4
3
0.102
0.1263
1.74
0
-0.01299673
-0.01191914
-0.01191914
-0.01191914
-0.01191914
-0.01299673
-0.01299673
-0.01299673
-0.01191914
-0.01191914
-0.01299673
-0.01299673
-0.01084149
-0.01084149
-0.01084149
-0.01084149
-0.009763896
-0.008686244
-0.008686244
-0.008686244
-0.008686244
-0.007608593
-0.006531
-0.006531
-0.006531
-0.006531
-0.004375756
-0.002220511
0.001012325
0.005322933
0.02472007
0.06674755
0.1357155
0.2100716
0.2908934
0.3404642
0.352318
0.3415418
0.329688
0.329688
0.3350761
0.3404642
0.3339984
0.3189117
0.2995144
0.2833501
0.2714962
0.2650305
0.2628752
0.2628752
0.2585647
0.2542542
0.2477884
0.2424003
0.2391675
0.2380898
0.2402451
0.2499437
0.2704185
0.309213
0.3781811
0.4837883
0.6303452
0.7639707
0.8685004
0.9320801
0.9557879
0.9579432
0.9590207
0.9676418
0.9838061
1.004281
1.024756
1.041998
1.057085
1.068938
1.074327
1.084025
1.091569
1.105578
1.120665
1.137907
1.152993
1.165925
1.17239
1.175623
1.17239
1.165925
1.14976
1.133596
1.102345
1.061395
1.019368
0.9838061
0.961176
0.9525551
0.9514774
0.9525551
0.9482446
0.9439341
0.9396236
0.9331578
0.9256145
0.918071
0.9072948
0.9008291
0.8975962
0.8954409
0.8900528
0.8803542
0.8685004
0.8588017
0.8523359
0.8447926
0.8447926
0.8447926
0.8447926
0.8501807
0.8534136
0.8609569
0.8706555
0.8814318
0.8932856
0.9008291
0.9072948
0.9094501
0.9094501
0.9094501
0.9083724
0.9094501
0.9105277
0.9137605
0.9169934
0.9223815
0.926692
0.9288473
0.929925
0.9320801
0.9353131
0.9407011
0.9482446
0.9557879
0.9600984
0.961176
0.961176
0.961176
0.9600984
0.9568655
0.9568655
0.9525551
0.9503998
0.9482446
0.9450116
0.9428564
0.9396236
0.9385459
0.9396236
0.9417788
0.9428564
0.9428564
0.9439341
0.9428564
0.9396236
0.9396236
0.9396236
0.9396236
0.9396236
0.9396236
0.9396236
0.9428564
0.9450116
0.9471669
0.9482446
0.9471669
0.9471669
0.9471669
0.9471669
0.9471669
0.9482446
0.9482446
0.9482446
0.9482446
0.9482446
0.9482446
0.9482446
0.9439341
0.9428564
0.9417788
0.9450116
0.9514774
0.9547102
0.9547102
0.9525551
0.9525551
0.9547102
0.9557879
0.9600984
0.9622537
0.9644089
0.9654865
0.9665642
0.9687194
0.9687194
0.969797
0.969797
0.969797
0.969797
0.9654865
0.9654865
0.961176
0.961176
0.9590207
0.9579432
0.9536327
0.9493222
0.9428564
0.9407011
0.9471669
0.9557879
0.9644089
0.969797
0.969797
0.9665642
0.9654865
0.9654865
0.9654865
0.9654865
0.9654865
0.9644089
0.961176
0.961176
0.9579432
0.9590207
0.9600984
0.961176
0.961176
0.961176
0.961176
0.961176
0.9568655
0.9536327
0.9525551
0.9503998
0.9482446
0.9450116
0.9439341
0.9439341
0.9471669
0.9493222
0.9514774
0.9525551
