4
1
251
1.4
3
0.102
0.1263
1.74
0
-0.01021445
-0.01129478
-0.01021445
-0.009134054
-0.009134054
-0.009134054
-0.009134054
-0.009134054
-0.009134054
-0.01021445
-0.009134054
-0.009134054
-0.009134054
-0.009134054
-0.009134054
-0.009134054
-0.009134054
-0.00805372
-0.006973326
-0.005892992
-0.005892992
-0.005892992
-0.005892992
-0.005892992
-0.004812598
-0.004812598
-0.001571476
-0.0004911423
0.001669645
0.00815177
0.02435732
0.067572
0.1334745
0.214502
0.2912081
0.3452265
0.3571106
0.3419855
0.3279406
0.3301014
0.3365836
0.3409051
0.3344228
0.3203781
0.3020118
0.2879671
0.2782438
0.2717615
0.2717615
0.2674401
0.2609578
0.2523149
0.243672
0.2371898
0.2371898
0.2361094
0.2393504
0.2501541
0.2696007
0.3117352
0.3776375
0.4802725
0.6174792
0.7600877
0.8648833
0.9361876
0.9567146
0.9588753
0.9588753
0.9653575
0.9815631
1.00317
1.025858
1.046385
1.06151
1.070153
1.078796
1.085278
1.095002
1.107966
1.124171
1.140377
1.157663
1.171708
1.17819
1.181431
1.17927
1.172788
1.159824
1.136056
1.106886
1.071234
1.03018
0.9923668
0.9718398
0.9599557
0.9545538
0.9545538
0.9545538
0.9545538
0.949152
0.9415895
0.9318662
0.9221429
0.9124196
0.9059373
0.9026963
0.9016159
0.896214
0.8864907
0.8735263
0.8616422
0.8529993
0.8486779
0.8465171
0.8475975
0.8486779
0.8497583
0.8540797
0.863803
0.8735263
0.8843299
0.8940533
0.9037766
0.9059373
0.9091784
0.9102588
0.9102588
0.9113392
0.9124196
0.9135
0.9156606
0.9189017
0.9232233
0.9275447
0.9286251
0.9318662
0.9351072
0.9383484
0.9459109
0.9513128
0.957795
0.9631968
0.9653575
0.9653575
0.9631968
0.9631968
0.9599557
0.9588753
0.9556342
0.9545538
0.9502324
0.949152
0.9469913
0.9459109
0.9459109
0.9459109
0.9448305
0.9448305
0.9459109
0.9459109
0.9459109
0.9469913
0.9448305
0.9426699
0.9415895
0.9415895
0.9415895
0.9448305
0.9469913
0.949152
0.9513128
0.9502324
0.9502324
0.9502324
0.949152
0.9502324
0.9502324
0.9502324
0.9502324
0.9502324
0.949152
0.9502324
0.9502324
0.9502324
0.9502324
0.9459109
0.9480717
0.9513128
0.9556342
0.957795
0.9588753
0.9567146
0.957795
0.957795
0.9610361
0.9631968
0.9664379
0.9675183
0.9707594
0.9718398
0.9718398
0.9740005
0.9761612
0.9750808
0.9750808
0.9718398
0.9718398
0.9675183
0.9642771
0.9631968
0.9631968
0.9621165
0.957795
0.9523932
0.9459109
0.9448305
0.9502324
0.9599557
0.9685986
0.9729202
0.9718398
0.9718398
0.9707594
0.9685986
0.9675183
0.9675183
0.9675183
0.9675183
0.9653575
0.9631968
0.9610361
0.9621165
0.9621165
0.9642771
0.9653575
0.9653575
0.9631968
0.9631968
0.9599557
0.9588753
0.9545538
0.9545538
0.9502324
0.9502324
0.9480717
0.949152
0.9502324
0.9534734
0.9545538
0.9545538
