4
1
251
1.4
3
0.102
0.1263
1.74
0
-0.01179254
-0.01071459
-0.009636581
-0.009636581
-0.009636581
-0.009636581
-0.01071459
-0.009636581
-0.008558571
-0.008558571
-0.009636581
-0.008558571
-0.008558571
-0.008558571
-0.008558571
-0.008558571
-0.008558571
-0.007480621
-0.008558571
-0.005324662
-0.005324662
-0.003168702
-0.004246652
-0.004246652
-0.004246652
-0.004246652
-0.001012743
6.532669E-05
0.003299236
0.009767175
0.02701485
0.06366622
0.1207994
0.207038
0.2878867
0.337474
0.3514878
0.3417859
0.3277721
0.3288502
0.3342401
0.3363961
0.3320841
0.3180703
0.2954327
0.2781849
0.2652491
0.2587812
0.2587812
0.2587812
0.2533914
0.2480015
0.2436895
0.2372216
0.2372216
0.2393775
0.2404555
0.2480015
0.2663271
0.2997446
0.3687356
0.465754
0.597268
0.7341719
0.8301123
0.8947914
0.9131171
0.9131171
0.9131171
0.9249749
0.9422226
0.9573144
0.9756401
0.9907318
1.00259
1.010136
1.016603
1.023071
1.032773
1.044631
1.057567
1.071581
1.086672
1.096374
1.099608
1.102842
1.100686
1.095296
1.084517
1.059723
1.034929
1.001512
0.9680942
0.9357548
0.917429
0.9098831
0.9066492
0.9077271
0.9055712
0.9044932
0.8991033
0.8937134
0.8861675
0.8786216
0.8743097
0.8710757
0.8710757
0.8710757
0.8646078
0.855984
0.8441261
0.8344243
0.8311903
0.8279564
0.8279564
0.8279564
0.8279564
0.8301123
0.8376583
0.8452041
0.8516721
0.8635298
0.8710757
0.8775437
0.8818556
0.8829335
0.8840115
0.8818556
0.8818556
0.8818556
0.8829335
0.8861675
0.8904794
0.8915575
0.8937134
0.8947914
0.8958694
0.8991033
0.9034152
0.9088051
0.9141951
0.919585
0.9228189
0.9249749
0.9228189
0.9228189
0.9228189
0.920663
0.918507
0.9141951
0.9131171
0.9098831
0.9077271
0.9055712
0.9055712
0.9044932
0.9055712
0.9088051
0.9088051
0.9077271
0.9066492
0.9055712
0.9055712
0.9055712
0.9066492
0.9066492
0.9077271
0.9055712
0.9088051
0.912039
0.9141951
0.918507
0.918507
0.918507
0.918507
0.9163511
0.9141951
0.9163511
0.917429
0.918507
0.918507
0.918507
0.919585
0.9228189
0.918507
0.9152731
0.9141951
0.9131171
0.917429
0.920663
0.9260529
0.9260529
0.9238969
0.9228189
0.9238969
0.9260529
0.9271308
0.9303648
0.9325207
0.9357548
0.9357548
0.9368327
0.9379107
0.9357548
0.9357548
0.9357548
0.9357548
0.9335988
0.9314427
0.9271308
0.9271308
0.9271308
0.9260529
0.9217409
0.9152731
0.9088051
0.9066492
0.9141951
0.9217409
0.9314427
0.9357548
0.9357548
0.9314427
0.9314427
0.9314427
0.9325207
0.9335988
0.9314427
0.9314427
0.9282088
0.9271308
0.9249749
0.9249749
0.9271308
0.9282088
0.9282088
0.9292868
0.9271308
0.9271308
0.9249749
0.9228189
0.920663
0.918507
0.918507
0.9141951
0.9141951
0.9141951
0.917429
0.9217409
0.9228189
0.9228189
