4
1
251
1.4
3
0.102
0.1263
1.74
0
-0.009442389
-0.009442389
-0.009442389
-0.009442389
-0.008364141
-0.009442389
-0.009442389
-0.009442389
-0.009442389
-0.009442389
-0.009442389
-0.009442389
-0.009442389
-0.01267695
-0.009442389
-0.009442389
-0.009442389
-0.009442389
-0.009442389
-0.006207764
-0.009442389
-0.007285953
-0.006207764
-0.005129576
-0.005129576
-0.005129576
-0.006207764
-0.002973199
-0.0008168221
0.007808805
0.02398169
0.07034409
0.1361139
0.2180567
0.296765
0.3420491
0.3506746
0.3388145
0.3237197
0.3226416
0.3258761
0.319407
0.296765
0.2568717
0.2137439
0.1706161
0.1350358
0.1188627
0.1167064
0.1188627
0.119941
0.1188627
0.1123936
0.1048462
0.09406435
0.08112597
0.06710947
0.05417109
0.04123282
0.0379982
0.0379982
0.04015458
0.04123282
0.04446733
0.04554558
0.05309296
0.07465684
0.109159
0.1652251
0.2622627
0.358222
0.4563377
0.5436715
0.5975813
0.6256143
0.640709
0.6471782
0.6579602
0.6762894
0.6946187
0.7172608
0.7442157
0.767936
0.7894999
0.8056728
0.8110638
0.8164548
0.8186111
0.8186111
0.8175329
0.8218457
0.8304713
0.8466442
0.8649735
0.8897719
0.9156487
0.9415253
0.9663237
0.9857312
0.9986696
1.01053
1.013764
1.012686
1.01053
1.006217
0.995435
0.9803404
0.9630892
0.9458381
0.9318216
0.9178051
0.9048667
0.9048667
0.9037884
0.9005539
0.8973193
0.8919283
0.8833028
0.8746773
0.8682081
0.862817
0.8617389
0.8649735
0.8703644
0.8725208
0.8746773
0.8768337
0.8779118
0.8735991
0.8671299
0.8574262
0.8498788
0.8369404
0.8261585
0.8164548
0.8078291
0.8002818
0.7948909
0.7927345
0.7927345
0.7970473
0.7970473
0.7970473
0.7981254
0.8002818
0.80136
0.8045946
0.806751
0.8089074
0.8099855
0.8110638
0.812142
0.8132201
0.8142984
0.8164548
0.8175329
0.8164548
0.8186111
0.8186111
0.8164548
0.8142984
0.8099855
0.8056728
0.806751
0.806751
0.806751
0.8045946
0.8078291
0.8099855
0.8164548
0.8175329
0.8218457
0.8272367
0.829393
0.8337059
0.8369404
0.8412532
0.8434097
0.8477224
0.8509569
0.8520352
0.8498788
0.8488005
0.8488005
0.845566
0.840175
0.8369404
0.8358623
0.8380187
0.840175
0.8412532
0.840175
0.8434097
0.8444878
0.8466442
0.8488005
0.8531133
0.8563479
0.8574262
0.8574262
0.8552698
0.8531133
0.8531133
0.8552698
0.8563479
0.8585043
0.8574262
0.8563479
0.8574262
0.8531133
0.8541915
0.8541915
0.8531133
0.8531133
0.8574262
0.8531133
0.8509569
0.8498788
0.8488005
0.8488005
0.8444878
0.8412532
0.8369404
0.8380187
0.8390968
0.8434097
0.8498788
0.8574262
0.8638953
0.8660517
0.8660517
0.8649735
0.862817
0.862817
0.8682081
0.8671299
0.8671299
0.8660517
0.8660517
0.8671299
0.8714427
0.8671299
0.8671299
0.8692863
0.8671299
0.8682081
0.8671299
0.8660517
0.8660517
0.8660517
0.8649735
