4
1
251
1.4
3
0.102
0.1263
1.74
0
-0.01083636
-0.01083636
-0.01083636
-0.01191348
-0.01191348
-0.01083636
-0.01083636
-0.01083636
-0.01083636
-0.01083636
-0.01083636
-0.01083636
-0.01083636
-0.009759247
-0.01083636
-0.01083636
-0.007605016
-0.009759247
-0.01083636
-0.01191348
-0.01083636
-0.009759247
-0.007605016
-0.007605016
-0.006527901
-0.006527901
-0.006527901
-0.003296554
-6.520748E-05
0.006397486
0.02255428
0.06240761
0.1194948
0.2056642
0.278908
0.3316869
0.3467665
0.3359953
0.3219928
0.3198385
0.3209156
0.3187613
0.2993733
0.2541344
0.2067412
0.1604252
0.1227261
0.1044152
0.1022609
0.1065694
0.1054922
0.103338
0.09579813
0.09041262
0.08287275
0.07102454
0.05486774
0.04409659
0.03655672
0.03009403
0.02901697
0.0311712
0.0311712
0.03009403
0.0279398
0.02686274
0.03440249
0.05055928
0.08502698
0.1442685
0.2304378
0.3273784
0.4221647
0.5029484
0.5664983
0.5977347
0.6117373
0.6235855
0.637588
0.655899
0.6763642
0.6979066
0.720526
0.7463769
0.766842
0.7797674
0.7916157
0.7970014
0.7991556
0.7991556
0.7991556
0.8002326
0.8045411
0.8142352
0.8271606
0.8433174
0.8627055
0.886402
0.9079443
0.931641
0.9531833
0.9682629
0.9801112
0.9865739
0.9887282
0.9887282
0.9865739
0.9768798
0.9639544
0.9477977
0.9337952
0.9197927
0.9057901
0.8982503
0.8939419
0.8896334
0.885325
0.8799393
0.8713224
0.8648597
0.8562428
0.8487029
0.8465487
0.8443944
0.8465487
0.8476259
0.8519343
0.8551656
0.8594741
0.8594741
0.8594741
0.8594741
0.8551656
0.8487029
0.8379318
0.830392
0.8206979
0.812081
0.8023869
0.7948471
0.7905387
0.7873073
0.7862302
0.7862302
0.7883844
0.7862302
0.7862302
0.785153
0.7862302
0.7862302
0.7883844
0.7894615
0.7916157
0.79377
0.7959242
0.8002326
0.8023869
0.8045411
0.8066953
0.8088496
0.8077725
0.8077725
0.8077725
0.8034641
0.8002326
0.7970014
0.79377
0.7894615
0.7905387
0.7905387
0.7916157
0.79377
0.7980784
0.8045411
0.8066953
0.8110038
0.8142352
0.8185437
0.8239292
0.8282378
0.8314691
0.8325462
0.8336233
0.8325462
0.8336233
0.8314691
0.8260834
0.8250064
0.8282378
0.8325462
0.8336233
0.8325462
0.8250064
0.8239292
0.8293148
0.830392
0.8325462
0.8357775
0.8379318
0.8368547
0.8336233
0.8293148
0.8325462
0.8336233
0.8368547
0.8379318
0.840086
0.840086
0.8411632
0.8443944
0.8443944
0.8465487
0.8443944
0.8443944
0.8433174
0.8433174
0.8422402
0.8422402
0.8390089
0.8368547
0.8336233
0.8336233
0.8293148
0.8250064
0.8206979
0.8228521
0.8271606
0.8325462
0.8390089
0.8497801
0.8476259
0.8497801
0.8508571
0.8530114
0.8573198
0.8551656
0.858397
0.858397
0.8562428
0.8551656
0.8551656
0.8551656
0.8551656
0.8573198
0.8551656
0.8562428
0.8540885
0.8540885
0.8551656
0.8540885
0.8497801
