4
1
251
1.4
3
0.102
0.1263
1.74
0
-0.01057136
-0.01057136
-0.01057136
-0.01057136
-0.01057136
-0.01057136
-0.009491324
-0.01057136
-0.01057136
-0.009491324
-0.01057136
-0.01057136
-0.009491324
-0.008411288
-0.007331192
-0.007331192
-0.007331192
-0.006251156
-0.006251156
-0.006251156
-0.006251156
-0.006251156
-0.006251156
-0.006251156
-0.004091084
-0.003010988
-0.001930952
0.0002291203
0.001309156
0.007789493
0.02723038
0.06395221
0.1309154
0.207599
0.2821226
0.3350452
0.352326
0.3458457
0.331805
0.3296449
0.3350452
0.3393654
0.3350452
0.3199245
0.3026437
0.2832026
0.2702421
0.2626817
0.2616017
0.2616017
0.2572814
0.2518812
0.2454009
0.2400006
0.2400006
0.2400006
0.2432408
0.2508011
0.2713221
0.3069638
0.373927
0.4732918
0.5996579
0.7314241
0.831869
0.8945119
0.915033
0.9139529
0.9128728
0.9269135
0.9452744
0.9647154
0.9809161
0.9949567
1.005757
1.012238
1.018718
1.027358
1.035999
1.050039
1.063
1.077041
1.091081
1.098642
1.104042
1.107282
1.105122
1.101882
1.088921
1.0684
1.040319
1.004677
0.9679555
0.9398742
0.9193531
0.9139529
0.9128728
0.9117928
0.9096327
0.9085526
0.9020723
0.8945119
0.8869516
0.8815514
0.8793912
0.8761511
0.873991
0.8707508
0.8642706
0.8577902
0.8491498
0.8383492
0.831869
0.8275487
0.8275487
0.8297088
0.8307889
0.832949
0.8361892
0.8459096
0.85455
0.8642706
0.875071
0.8815514
0.8837115
0.8837115
0.8837115
0.8826314
0.8837115
0.8847915
0.8869516
0.8891118
0.8912718
0.8934319
0.895592
0.8988322
0.8999122
0.9031523
0.9074726
0.9128728
0.9182731
0.9215132
0.9258335
0.9269135
0.9269135
0.9269135
0.9258335
0.9225934
0.9225934
0.9182731
0.916113
0.9139529
0.9096327
0.9085526
0.9096327
0.9096327
0.9085526
0.9107127
0.9107127
0.9096327
0.9096327
0.9096327
0.9096327
0.9096327
0.9096327
0.9096327
0.9096327
0.9085526
0.9107127
0.9128728
0.9171931
0.9215132
0.9215132
0.9204332
0.9182731
0.9182731
0.9182731
0.9193531
0.9193531
0.9215132
0.9193531
0.9215132
0.9204332
0.9215132
0.9204332
0.9182731
0.9171931
0.916113
0.9193531
0.9247534
0.9269135
0.9269135
0.9269135
0.9269135
0.9269135
0.9290736
0.9312338
0.9333938
0.9355539
0.9387941
0.9398742
0.9398742
0.9398742
0.9398742
0.9387941
0.9398742
0.9398742
0.9366339
0.9344739
0.9312338
0.9301536
0.9312338
0.9269135
0.9236734
0.9171931
0.9128728
0.9096327
0.916113
0.9247534
0.9333938
0.9366339
0.9355539
0.9355539
0.9333938
0.9344739
0.9355539
0.9355539
0.9344739
0.9323138
0.9312338
0.9279935
0.9269135
0.9290736
0.9312338
0.9312338
0.9312338
0.9312338
0.9312338
0.9290736
0.9269135
0.9247534
0.9225934
0.9225934
0.9193531
0.9182731
0.9171931
0.916113
0.9215132
0.9236734
0.9258335
0.9269135
