4
1
251
1.4
3
0.102
0.1263
1.74
0
-0.01018244
-0.006951511
-0.009105504
-0.009105504
-0.01018244
-0.009105504
-0.009105504
-0.009105504
-0.006951511
-0.009105504
-0.009105504
-0.009105504
-0.009105504
-0.003720522
-0.006951511
-0.009105504
-0.009105504
-0.009105504
-0.006951511
-0.006951511
-0.006951511
-0.006951511
-0.004797518
-0.004797518
-0.004797518
-0.006951511
-0.001566589
-0.001566589
-0.001566589
0.003818393
0.02428114
0.05766761
0.1201328
0.1922909
0.2773728
0.3290682
0.3484539
0.3387611
0.3247602
0.3204522
0.3247602
0.3204522
0.3010665
0.2633721
0.2116767
0.1653663
0.1255178
0.106132
0.1050551
0.108286
0.11044
0.106132
0.101824
0.09536219
0.08566928
0.07813036
0.06628358
0.05335975
0.04474378
0.03935885
0.03397393
0.03397393
0.02966607
0.02643502
0.02320409
0.02212715
0.030743
0.04474378
0.07274544
0.1276717
0.2084457
0.2946047
0.3936874
0.4830772
0.5498503
0.5864679
0.6026226
0.6166234
0.6284703
0.6489331
0.6747807
0.6963204
0.7178601
0.7437078
0.7652476
0.7814023
0.7921722
0.7975571
0.7997111
0.8018651
0.800788
0.7997111
0.8018651
0.808327
0.8190968
0.8374056
0.8535604
0.8740231
0.8977169
0.9203335
0.9440272
0.959105
0.9752598
0.9860296
0.9924916
0.9935685
0.9903376
0.9827987
0.9731059
0.9580281
0.9429502
0.9321804
0.9203335
0.9063327
0.9009478
0.8987938
0.8934089
0.888024
0.8804851
0.8718692
0.8643303
0.8567914
0.8470985
0.8438675
0.8438675
0.8470985
0.8514065
0.8557143
0.8589454
0.8610992
0.8589454
0.8600223
0.8589454
0.8557143
0.8503294
0.8427905
0.8341746
0.8234048
0.8126349
0.805096
0.7997111
0.7943262
0.7921722
0.7921722
0.7889413
0.7878642
0.7878642
0.7878642
0.7878642
0.7878642
0.7878642
0.7889413
0.7910951
0.7921722
0.7943262
0.7997111
0.800788
0.805096
0.808327
0.8126349
0.8126349
0.8126349
0.809404
0.808327
0.804019
0.800788
0.7975571
0.7964802
0.7964802
0.7954031
0.7964802
0.7943262
0.7954031
0.7997111
0.804019
0.808327
0.8126349
0.8180199
0.8223279
0.8255588
0.8309437
0.8341746
0.8374056
0.8341746
0.8330977
0.8309437
0.8298666
0.8287897
0.8330977
0.8363286
0.8374056
0.8374056
0.8352516
0.8320206
0.8330977
0.8330977
0.8352516
0.8384826
0.8395596
0.8363286
0.8352516
0.8309437
0.8298666
0.8330977
0.8363286
0.8417135
0.8427905
0.8449445
0.8427905
0.8417135
0.8449445
0.8470985
0.8481754
0.8481754
0.8481754
0.8481754
0.8470985
0.8438675
0.8438675
0.8417135
0.8427905
0.8384826
0.8341746
0.8298666
0.8266357
0.8266357
0.8266357
0.8330977
0.8395596
0.8406366
0.8470985
0.8492525
0.8503294
0.8524834
0.8567914
0.8589454
0.8589454
0.8610992
0.8578683
0.8600223
0.8578683
0.8567914
0.8557143
0.8589454
0.8600223
0.8589454
0.8600223
0.8589454
0.8567914
0.8557143
0.8524834
