4
1
251
1.4
3
0.102
0.1263
1.74
0
-0.009421468
-0.009421468
-0.008341908
-0.007262409
-0.008341908
-0.007262409
-0.007262409
-0.007262409
-0.008341908
-0.007262409
-0.00510329
-0.006182849
-0.007262409
-0.007262409
-0.006182849
-0.007262409
-0.00402379
-0.00510329
-0.002944231
-0.002944231
-0.001864672
-0.001864672
-0.002944231
-0.002944231
-0.002944231
-0.000785172
0.0002944469
0.001373887
0.003533006
0.01001024
0.02836239
0.06506681
0.1276801
0.2086455
0.2885314
0.3371106
0.3543833
0.3446674
0.3338721
0.3338721
0.3414289
0.3500651
0.3511447
0.3500651
0.3468266
0.3414289
0.3381902
0.3381902
0.3381902
0.3381902
0.3371106
0.3392698
0.3414289
0.3468266
0.3576219
0.3824513
0.4353487
0.5152347
0.6426203
0.7959149
0.9351754
1.035573
1.076595
1.073356
1.06472
1.070118
1.08847
1.108981
1.124095
1.129493
1.131652
1.131652
1.13597
1.144606
1.148924
1.153242
1.154322
1.152163
1.157561
1.15864
1.151083
1.139208
1.117618
1.080913
1.032334
0.9837548
0.9405731
0.9146641
0.9038688
0.9049484
0.908187
0.9060279
0.8973916
0.8898348
0.8844371
0.8822781
0.8811985
0.8822781
0.8811985
0.8790394
0.8736417
0.8693236
0.8693236
0.8714826
0.8758008
0.8747213
0.8768803
0.8758008
0.8822781
0.8952326
0.9135847
0.9297777
0.9470503
0.9567662
0.9589254
0.9600048
0.9556867
0.9556867
0.9578458
0.9632435
0.9675616
0.9675616
0.9697207
0.9675616
0.9686412
0.9718798
0.9718798
0.9729593
0.976198
0.9740388
0.9708003
0.9718798
0.9740388
0.9718798
0.9697207
0.966482
0.9610844
0.9556867
0.9513686
0.950289
0.9492095
0.9524481
0.9556867
0.9556867
0.9513686
0.9513686
0.9470503
0.9470503
0.950289
0.950289
0.950289
0.9470503
0.9470503
0.9448913
0.9448913
0.9470503
0.9470503
0.9459709
0.9438118
0.9459709
0.9492095
0.9513686
0.9535276
0.9556867
0.9589254
0.9632435
0.9697207
0.976198
0.9794365
0.9805161
0.9794365
0.9772775
0.976198
0.9772775
0.9772775
0.9794365
0.9783571
0.9783571
0.9794365
0.9783571
0.9783571
0.9772775
0.9772775
0.9772775
0.9772775
0.9729593
0.9729593
0.9697207
0.9729593
0.976198
0.9805161
0.9815956
0.9837548
0.9837548
0.9869933
0.9859138
0.9869933
0.9848343
0.9837548
0.9826752
0.9826752
0.9859138
0.9880729
0.9859138
0.9848343
0.9805161
0.9751184
0.9729593
0.9708003
0.9718798
0.9675616
0.9556867
0.9481299
0.9492095
0.9600048
0.9697207
0.9794365
0.976198
0.9718798
0.9621639
0.9589254
0.9621639
0.966482
0.9697207
0.9708003
0.9686412
0.9686412
0.9708003
0.9718798
0.9740388
0.9729593
0.9686412
0.964323
0.9654026
0.966482
0.9632435
0.9610844
0.9610844
0.9556867
0.9535276
0.9589254
0.9654026
0.9708003
0.9729593
0.9729593
0.9718798
0.9718798
0.976198
0.9751184
0.9729593
0.9718798
