4
1
251
1.4
3
0.102
0.1263
1.74
0
-0.01365429
-0.01473224
-0.01473224
-0.01365429
-0.01581025
-0.01473224
-0.01365429
-0.01257634
-0.01257634
-0.01257634
-0.01365429
-0.01257634
-0.01365429
-0.01473224
-0.01257634
-0.01257634
-0.01257634
-0.01257634
-0.01257634
-0.01257634
-0.01257634
-0.01257634
-0.01257634
-0.01257634
-0.01149833
-0.01042038
-0.009342372
-0.008264422
-0.006108463
0.001437306
0.01976287
0.05749202
0.1243263
0.1997845
0.2709306
0.3075818
0.3108157
0.2957242
0.2817104
0.2827884
0.2849444
0.2676967
0.2116421
0.1254042
0.02299678
-0.0740208
-0.1451671
-0.1904419
-0.2044556
-0.2066115
-0.2130794
-0.2217032
-0.2346389
-0.2518864
-0.2723679
-0.3003953
-0.3251886
-0.3456701
-0.3618397
-0.3704635
-0.3747754
-0.3747754
-0.3747754
-0.3769314
-0.3790873
-0.3833992
-0.3887891
-0.3941789
-0.4006467
-0.4049587
-0.4092705
-0.4103485
-0.4103485
-0.4092705
-0.4092705
-0.4135824
-0.4146604
-0.4092705
-0.4103485
-0.4135824
-0.4135824
-0.4178943
-0.4178943
-0.4168164
-0.4146604
-0.4135824
-0.4135824
-0.4168164
-0.4178943
-0.4211283
-0.4232842
-0.4189723
-0.4178943
-0.4178943
-0.4178943
-0.4178943
-0.4178943
-0.4178943
-0.4178943
-0.4157384
-0.4146604
-0.4146604
-0.4146604
-0.4146604
-0.4135824
-0.4125045
-0.4135824
-0.4135824
-0.4135824
-0.4135824
-0.4114265
-0.4103485
-0.4049587
-0.4006467
-0.3984908
-0.387711
-0.3769314
-0.3596838
-0.3381243
-0.310097
-0.2766798
-0.2400287
-0.1979877
-0.1548688
-0.1149838
-0.0740208
-0.03629172
-0.001796603
0.0251528
0.05102408
0.07473958
0.09737694
0.1178585
0.1394179
0.1555876
0.1728351
0.1911607
0.2073302
0.2224219
0.2385916
0.2526052
0.2633849
0.2730867
0.2827884
0.2892562
0.296802
0.3032699
0.3086598
0.3151276
0.3194395
0.3226734
0.3237514
0.3237514
0.3269854
0.3291413
0.3323752
0.3377651
0.3420769
0.3442329
0.3431549
0.3312973
0.3496227
0.3496227
0.3560907
0.3571686
0.3582466
0.3604025
0.3614805
0.3625585
0.3614805
0.3614805
0.3625585
0.3625585
0.3647144
0.3668704
0.3701043
0.3711822
0.3711822
0.3711822
0.3668704
0.3679483
0.3690263
0.3690263
0.3701043
0.3668704
0.3657924
0.3625585
0.3647144
0.3711822
0.37765
0.3851959
0.3916638
0.3970536
0.4067553
0.4186131
0.4347826
0.4574201
0.4746677
0.4929932
0.5113188
0.5242544
0.54258
0.5619836
0.5835431
0.6051024
0.6223501
0.6406755
0.6557672
0.6665469
0.6784047
0.6859505
0.6924183
0.7010421
0.706432
0.7107439
0.7118218
0.7118218
0.7118218
0.7128998
0.7139778
0.7128998
0.7128998
0.7150558
0.7161337
0.7182897
0.7204456
0.7204456
0.7182897
0.7204456
0.7204456
0.7204456
0.7172117
0.7182897
0.7193676
0.7182897
0.7161337
0.7161337
0.7161337
0.7118218
0.7107439
0.7118218
0.7107439
0.70751
0.70751
0.70751
0.70751
0.70751
0.70751
0.70751
0.70751
0.7031981
