05-08-05 01.00,24,24.3,22.9,20.1
05-08-05 02.00,23.8,24.3,22.8,20.1
05-08-05 03.00,23.5,24.1,22.9,20.2
05-08-05 04.00,23.2,24.1,22.9,20.1
05-08-05 05.00,23,23.9,22.9,20.1
05-08-05 06.00,22.8,23.8,22.9,20.2
05-08-05 07.00,22.6,23.7,22.8,20.1
05-08-05 08.00,22.7,23.6,22.8,20.1
05-08-05 09.00,22.9,23.5,22.9,20.1
05-08-05 10.00,23.3,23.4,22.8,20.1
05-08-05 11.00,23.9,23.3,22.9,20.1
05-08-05 12.00,24.5,23.5,22.8,20.1
05-08-05 13.00,25.2,23.5,22.9,20.1
05-08-05 14.00,25.8,23.7,22.8,20.1
05-08-05 15.00,26.2,23.9,22.8,20.1
05-08-05 16.00,26.5,24.1,22.8,20.1
05-08-05 17.00,26.5,24.3,22.7,20.1
05-08-05 18.00,26.4,24.4,22.8,20.1
05-08-05 19.00,26.1,24.5,22.8,20.1
05-08-05 20.00,25.7,24.6,22.8,20.2
05-08-05 21.00,25.3,24.5,22.8,20.1
05-08-05 22.00,24.9,24.6,22.8,20.2
05-08-05 23.00,24.6,24.4,22.8,20.1
06-08-05 00.00,24.2,24.4,22.8,20.1
06-08-05 01.00,23.9,24.3,22.8,20.2
06-08-05 02.00,23.6,24.2,22.8,20.2
06-08-05 03.00,23.3,24.1,22.8,20.1
06-08-05 04.00,23,23.9,22.8,20.1
06-08-05 05.00,22.8,23.8,22.8,20.1
06-08-05 06.00,22.5,23.7,22.8,20.2
06-08-05 07.00,22.4,23.6,22.8,20.2
06-08-05 08.00,22.4,23.4,22.9,20.2
06-08-05 09.00,22.6,23.3,22.8,20.1
06-08-05 10.00,23,23.2,22.7,20.2
06-08-05 11.00,23.3,23.2,22.8,20.1
06-08-05 12.00,23.6,23.2,22.7,20.1
06-08-05 13.00,24,23.3,22.7,20.1
06-08-05 14.00,24.6,23.4,22.8,20.1
06-08-05 15.00,25,23.5,22.7,20.2
06-08-05 16.00,25.2,23.6,22.7,20.1
06-08-05 17.00,25.3,23.8,22.7,20.2
06-08-05 18.00,25.2,23.8,22.7,20.2
06-08-05 19.00,24.9,23.9,22.7,20.2
06-08-05 20.00,24.7,24,22.7,20.2
06-08-05 21.00,24.5,24.1,22.7,20.3
06-08-05 22.00,24.3,23.9,22.7,20.2
06-08-05 23.00,24,23.9,22.7,20.2
07-08-05 00.00,23.8,23.9,22.7,20.2