4
1
251
1.4
3
0.102
0.1263
1.74
0
-0.01018709
-0.01018709
-0.009106159
-0.009106159
-0.009106159
-0.009106159
-0.009106159
-0.009106159
-0.009106159
-0.009106159
-0.009106159
-0.009106159
-0.009106159
-0.009106159
-0.009106159
-0.009106159
-0.009106159
-0.009106159
-0.005863309
-0.004782319
-0.009106159
-0.009106159
-0.009106159
-0.005863309
-0.004782319
-0.003701389
-0.002620459
-0.001539469
0.001703382
0.008189082
0.02116048
0.06764138
0.1368222
0.2211363
0.2957219
0.3400409
0.3530123
0.3389599
0.3281504
0.3303124
0.3378789
0.3422028
0.3432838
0.3346361
0.3227457
0.3097743
0.2957219
0.2838315
0.2708601
0.2611315
0.2524838
0.2438363
0.2351887
0.2297839
0.2243792
0.2297839
0.2427553
0.2773458
0.3324742
0.4103026
0.511912
0.6005499
0.6643261
0.6978356
0.7054021
0.7075641
0.7183735
0.7324259
0.751883
0.7670164
0.7778258
0.7853925
0.7940401
0.8070115
0.8210639
0.8340353
0.8491687
0.8621401
0.8751115
0.8880829
0.8945686
0.906459
0.9097018
0.9129447
0.9107828
0.9010543
0.8891637
0.8718686
0.8545734
0.8459258
0.842683
0.8448448
0.8459258
0.8502495
0.8470067
0.842683
0.842683
0.840521
0.8394401
0.8394401
0.8383591
0.8372781
0.8340353
0.8340353
0.8297114
0.8286306
0.8286306
0.8264686
0.8232257
0.8210639
0.8210639
0.8232257
0.8264686
0.8286306
0.8329543
0.8361971
0.8372781
0.841602
0.842683
0.840521
0.841602
0.842683
0.842683
0.842683
0.842683
0.842683
0.8459258
0.8459258
0.8480877
0.8502495
0.8513305
0.8513305
0.8534924
0.8545734
0.8567352
0.8578162
0.8610591
0.8610591
0.8621401
0.8632209
0.8643019
0.8664638
0.8675448
0.8686258
0.8686258
0.8675448
0.8675448
0.8686258
0.8686258
0.8686258
0.8686258
0.8686258
0.8686258
0.8686258
0.8686258
0.8686258
0.8686258
0.8686258
0.8686258
0.8686258
0.8686258
0.8707876
0.8718686
0.8707876
0.8718686
0.8761923
0.8783543
0.8805162
0.88484
0.8870019
0.8870019
0.8870019
0.8859209
0.8859209
0.8891637
0.8891637
0.8902447
0.8902447
0.8902447
0.8902447
0.8902447
0.8891637
0.8902447
0.8902447
0.8902447
0.8859209
0.88484
0.8859209
0.8891637
0.8924066
0.8945686
0.8956494
0.8956494
0.8978114
0.8988923
0.9010543
0.906459
0.9042971
0.9042971
0.9042971
0.9032161
0.90754
0.905378
0.90754
0.90754
0.90754
0.9042971
0.9032161
0.9032161
0.9032161
0.8999733
0.8978114
0.8913257
0.8880829
0.8880829
0.8956494
0.9010543
0.906459
0.90754
0.905378
0.9032161
0.9032161
0.9032161
0.9042971
0.906459
0.90754
0.90754
0.9097018
0.9097018
0.90754
0.9086208
0.9107828
0.9107828
0.9086208
0.9097018
0.90754
0.90754
0.90754
0.90754
0.906459
0.9042971
0.9032161
0.906459
0.9097018
0.9118637
0.9118637
0.9118637
0.9107828
0.9086208
0.9118637
0.9107828
