4
1
251
1.4
3
0.102
0.1263
1.74
0
-0.01313406
-0.01097769
-0.009899557
-0.009899557
-0.009899557
-0.009899557
-0.008821368
-0.008821368
-0.008821368
-0.008821368
-0.008821368
-0.008821368
-0.008821368
-0.009899557
-0.008821368
-0.008821368
-0.008821368
-0.008821368
-0.008821368
-0.008821368
-0.008821368
-0.008821368
-0.008821368
-0.008821368
-0.005586863
-0.005586863
-0.004508674
-0.004508674
-0.001274168
0.004116774
0.02352381
0.06341624
0.1291848
0.2143606
0.2887546
0.3394288
0.3502105
0.335116
0.322178
0.3210998
0.3232561
0.3210998
0.2995363
0.2618003
0.2154388
0.1712337
0.1378102
0.1205595
0.1151686
0.1162468
0.1130123
0.1022305
0.08713615
0.0709635
0.05371273
0.03754008
0.02783656
0.02136755
0.01813293
0.0170548
0.0170548
0.0170548
0.01274216
0.01166391
0.009507537
0.01382029
0.02999294
0.06233811
0.1140904
0.2025007
0.290911
0.3814776
0.4537152
0.4946858
0.5130148
0.5173274
0.5194838
0.5270311
0.5399691
0.5572199
0.5744706
0.589565
0.6078941
0.6229885
0.6359266
0.6456301
0.6531774
0.6618028
0.6693499
0.6779753
0.6866007
0.6984607
0.7124768
0.7297276
0.7480567
0.7685419
0.7857927
0.8019654
0.8170598
0.8289196
0.837545
0.844014
0.8461704
0.8461704
0.844014
0.8353887
0.8224506
0.8084344
0.7944181
0.7847146
0.7771673
0.7760892
0.7771673
0.7793237
0.7804018
0.7847146
0.7857927
0.7847146
0.7825582
0.7804018
0.7793237
0.7793237
0.7804018
0.7825582
0.7836363
0.7847146
0.7825582
0.7804018
0.7804018
0.7760892
0.7717764
0.7685419
0.7609947
0.756682
0.7491348
0.7459003
0.7426658
0.7415876
0.7437439
0.7437439
0.7437439
0.7491348
0.7534475
0.7577602
0.7599165
0.7620729
0.7620729
0.7642293
0.7653074
0.763151
0.763151
0.763151
0.7588384
0.7588384
0.7599165
0.7620729
0.7620729
0.7609947
0.7620729
0.7588384
0.7588384
0.7588384
0.7588384
0.7588384
0.7599165
0.7620729
0.7653074
0.7663856
0.7696201
0.7717764
0.7750109
0.7782454
0.7793237
0.7836363
0.7868708
0.7879491
0.7911836
0.7944181
0.7954962
0.7965745
0.7944181
0.79334
0.79334
0.7922617
0.7890272
0.7847146
0.7804018
0.7825582
0.7868708
0.7922617
0.7944181
0.79334
0.7954962
0.7976526
0.7987309
0.8008871
0.8051999
0.8084344
0.8105907
0.8084344
0.806278
0.8030435
0.8019654
0.8030435
0.806278
0.806278
0.806278
0.806278
0.806278
0.8051999
0.8030435
0.8030435
0.8051999
0.806278
0.8095125
0.8095125
0.8095125
0.8073562
0.806278
0.806278
0.8051999
0.8019654
0.7976526
0.7976526
0.7987309
0.8019654
0.8084344
0.8138252
0.8181379
0.8192161
0.8192161
0.8202943
0.8213725
0.8224506
0.824607
0.8267633
0.8267633
0.824607
0.8235288
0.8235288
0.8235288
0.8235288
0.8267633
0.8267633
0.8278415
0.8278415
0.8278415
0.8278415
0.8278415
0.824607
0.8235288
