4
1
251
1.4
3
0.102
0.1263
1.74
0
-0.01140541
-0.01140541
-0.01140541
-0.01140541
-0.01140541
-0.01140541
-0.01140541
-0.01140541
-0.01140541
-0.01140541
-0.01140541
-0.01140541
-0.01032698
-0.01140541
-0.01140541
-0.01140541
-0.01032698
-0.01140541
-0.01140541
-0.01032698
-0.008170068
-0.01140541
-0.007091641
-0.009248495
-0.008170068
-0.007091641
-0.007091641
-0.003856301
-0.0006209612
0.005849719
0.02741849
0.06839931
0.1395766
0.2193812
0.2981075
0.3401668
0.345559
0.3326178
0.3207549
0.3196764
0.3250686
0.3207549
0.299186
0.260362
0.2118322
0.1633023
0.1190861
0.08888972
0.0737915
0.06192863
0.05437958
0.04575205
0.03604603
0.02418315
0.01016343
-0.003856301
-0.01571918
-0.0221898
-0.02866048
-0.02866048
-0.0297389
-0.03297424
-0.03620958
-0.04160178
-0.0426802
-0.04483712
-0.03620958
-0.0221898
0.003692746
0.05545807
0.1180077
0.1988908
0.2830094
0.3498728
0.3973242
0.4167362
0.4199716
0.4221284
0.4264421
0.4361482
0.448011
0.467423
0.4857565
0.5062469
0.5224235
0.5364434
0.5483062
0.5569338
0.5644828
0.569875
0.5774242
0.5849732
0.5946792
0.6076205
0.6216402
0.6367384
0.655072
0.672327
0.6885036
0.7100725
0.7262491
0.7370336
0.747818
0.7542887
0.7586024
0.7596809
0.7596809
0.7542887
0.7488965
0.7413473
0.7294844
0.7208569
0.7143863
0.7133079
0.7133079
0.7143863
0.7176216
0.7208569
0.7219354
0.7208569
0.7208569
0.7197785
0.7187001
0.7187001
0.7208569
0.7219354
0.7240922
0.7273276
0.7294844
0.7305629
0.7284061
0.7294844
0.7262491
0.7240922
0.7208569
0.7165432
0.7122294
0.7057588
0.7025235
0.7003665
0.7003665
0.7003665
0.7003665
0.7003665
0.7025235
0.7046803
0.7046803
0.7068372
0.7100725
0.7133079
0.7133079
0.7133079
0.7122294
0.708994
0.7133079
0.711151
0.7122294
0.7133079
0.7133079
0.7143863
0.7133079
0.7133079
0.711151
0.711151
0.708994
0.7079157
0.711151
0.7122294
0.711151
0.7122294
0.7143863
0.7176216
0.7197785
0.7208569
0.7240922
0.7273276
0.7294844
0.7327198
0.7348768
0.738112
0.7413473
0.7435043
0.7435043
0.7413473
0.7391905
0.7359551
0.7316414
0.7305629
0.7337983
0.738112
0.7413473
0.7424258
0.7391905
0.7402689
0.7424258
0.7467395
0.7488965
0.7499748
0.7532102
0.7521318
0.7521318
0.747818
0.747818
0.747818
0.7499748
0.7510533
0.7521318
0.7521318
0.7521318
0.7532102
0.7521318
0.7510533
0.7510533
0.7542887
0.7564455
0.7542887
0.755367
0.755367
0.7564455
0.755367
0.7542887
0.7521318
0.7488965
0.7467395
0.7435043
0.7456611
0.7488965
0.755367
0.7607594
0.7672299
0.7661515
0.7672299
0.7683084
0.7693869
0.7726222
0.7737006
0.7747791
0.7769359
0.7769359
0.7737006
0.7737006
0.7737006
0.7747791
0.7737006
0.7737006
0.7747791
0.7780144
0.7780144
0.7780144
0.7780144
0.7737006
