4
1
251
1.4
3
0.102
0.1263
1.74
0
-0.01476389
-0.01261282
-0.01261282
-0.01261282
-0.01261282
-0.01261282
-0.01261282
-0.01261282
-0.01261282
-0.01261282
-0.01261282
-0.01153731
-0.01261282
-0.01261282
-0.01153731
-0.01153731
-0.01261282
-0.01153731
-0.009386301
-0.009386301
-0.01046181
-0.009386301
-0.01046181
-0.008310795
-0.008310795
-0.008310795
-0.007235289
-0.005084276
-0.00400877
0.001368761
0.01427495
0.05299342
0.10892
0.1874324
0.2766999
0.3293999
0.3466082
0.3347775
0.3186449
0.3154182
0.3143427
0.3111162
0.2863795
0.2401325
0.1906589
0.1368833
0.09063625
0.066975
0.06267297
0.06374848
0.06052196
0.05299342
0.03793621
0.01965249
0.001368761
-0.02121693
-0.05025578
-0.07391703
-0.09220076
-0.1040314
-0.1072579
-0.1061824
-0.1072579
-0.1072579
-0.1115599
-0.115862
-0.118013
-0.1244661
-0.1276926
-0.1341457
-0.1384478
-0.1384478
-0.1298437
-0.1147865
-0.08897418
-0.05025578
0.00997293
0.07235265
0.1379588
0.205716
0.2508876
0.2842284
0.3035877
0.3197204
0.3304754
0.3423061
0.3541367
0.3648919
0.3767225
0.3885531
0.3960817
0.4003837
0.4046857
0.4079123
0.4111389
0.4165164
0.4229695
0.430498
0.4434042
0.4584614
0.4735185
0.4885757
0.5004064
0.5111614
0.5197655
0.5262187
0.5315962
0.5402002
0.5509554
0.562786
0.5789187
0.5939759
0.6133351
0.6294677
0.6391474
0.648827
0.6542045
0.6585066
0.6574311
0.6542045
0.6499025
0.6434494
0.6380719
0.6305432
0.6230147
0.6165617
0.6111841
0.606882
0.606882
0.606882
0.6036555
0.6058065
0.609033
0.6133351
0.6176372
0.6219392
0.6262412
0.6283922
0.6305432
0.6359209
0.6380719
0.6391474
0.6402229
0.6412984
0.6412984
0.6402229
0.6412984
0.6412984
0.6402229
0.6412984
0.6369964
0.6337699
0.6305432
0.6240902
0.6197882
0.6187127
0.6154861
0.6154861
0.6122596
0.6111841
0.606882
0.606882
0.606882
0.606882
0.606882
0.6079575
0.6111841
0.6144106
0.6165617
0.6208637
0.6187127
0.6251657
0.6262412
0.6273167
0.6294677
0.6316187
0.6316187
0.6326942
0.6326942
0.6294677
0.6283922
0.6283922
0.6273167
0.6283922
0.6283922
0.6283922
0.6251657
0.6262412
0.6283922
0.6326942
0.6359209
0.6348454
0.6326942
0.6326942
0.6326942
0.6359209
0.6380719
0.6402229
0.6412984
0.6412984
0.6369964
0.6369964
0.6359209
0.6391474
0.6434494
0.6456004
0.6456004
0.6445249
0.6434494
0.6434494
0.6445249
0.6456004
0.6434494
0.6445249
0.6456004
0.6434494
0.6445249
0.6456004
0.6456004
0.6456004
0.6456004
0.6466759
0.6477515
0.648827
0.6499025
0.6445249
0.6456004
0.6456004
0.6445249
0.6412984
0.6380719
0.6391474
0.6412984
0.6445249
0.648827
0.6520535
0.65528
0.6574311
0.6606576
0.6628087
0.6638842
0.6660352
0.6671107
0.6671107
0.6671107
0.6638842
0.6628087
0.6628087
0.6638842
0.6649597
0.6660352
