4
1
251
1.4
3
0.102
0.1263
1.74
0
-0.01274496
-0.01166654
-0.01058811
-0.01058811
-0.009509742
-0.009509742
-0.008431315
-0.008431315
-0.009509742
-0.01058811
-0.01166654
-0.009509742
-0.009509742
-0.008431315
-0.008431315
-0.01058811
-0.009509742
-0.008431315
-0.008431315
-0.007352889
-0.005196035
-0.007352889
-0.005196035
-0.004117668
-0.005196035
-0.001960814
-0.004117668
-0.0008823872
0.003431201
0.008823276
0.0249995
0.06597936
0.1393116
0.2234279
0.3032305
0.3452888
0.3496025
0.3345046
0.3237205
0.3280342
0.3366615
0.3398967
0.3388183
0.3269557
0.3161715
0.304309
0.2924464
0.2795055
0.2676429
0.2579372
0.2460746
0.234212
0.2255847
0.2201927
0.215879
0.2148006
0.2223494
0.2525451
0.2999953
0.3776412
0.4703848
0.5577365
0.6353823
0.6731268
0.683911
0.6871462
0.6946951
0.7108713
0.7302828
0.7475375
0.7604785
0.7691058
0.7777331
0.7885172
0.8003798
0.8143991
0.8284186
0.842438
0.855379
0.8661631
0.8758688
0.8844961
0.892045
0.8974371
0.9017508
0.8952802
0.8834177
0.8683199
0.8532221
0.8435163
0.8348891
0.8359674
0.8370459
0.8381243
0.8348891
0.8359674
0.8338107
0.8327322
0.8338107
0.8327322
0.8327322
0.8305753
0.8284186
0.8284186
0.8273401
0.8262618
0.8241049
0.8187128
0.816556
0.8154776
0.8154776
0.8154776
0.8154776
0.8187128
0.8219481
0.8251833
0.8284186
0.8316538
0.8327322
0.8316538
0.8327322
0.8327322
0.8327322
0.8327322
0.8338107
0.8348891
0.8359674
0.8370459
0.8370459
0.8402811
0.8413595
0.8413595
0.8413595
0.842438
0.8445948
0.8467516
0.8499869
0.8510653
0.8532221
0.8543005
0.855379
0.8575357
0.8586142
0.8586142
0.8596926
0.8586142
0.8575357
0.8586142
0.8586142
0.8586142
0.8586142
0.8586142
0.8586142
0.8586142
0.8575357
0.8586142
0.8586142
0.8596926
0.8607711
0.8607711
0.8618494
0.8629278
0.8629278
0.8629278
0.8650846
0.8661631
0.8672415
0.8704767
0.8737119
0.8780257
0.879104
0.8801825
0.879104
0.879104
0.879104
0.879104
0.8801825
0.8812609
0.8823394
0.8812609
0.8801825
0.8801825
0.879104
0.8801825
0.879104
0.8769473
0.8758688
0.8780257
0.8812609
0.8866529
0.8888098
0.8888098
0.8877314
0.8888098
0.8909667
0.892045
0.8942019
0.8952802
0.8963587
0.8974371
0.8963587
0.8985156
0.8985156
0.8974371
0.8974371
0.8963587
0.8931235
0.8942019
0.8942019
0.8931235
0.8931235
0.8898882
0.8844961
0.8801825
0.8812609
0.8844961
0.8909667
0.8974371
0.8985156
0.8974371
0.8974371
0.8952802
0.8952802
0.8974371
0.8974371
0.8995939
0.9006723
0.9017508
0.9017508
0.9017508
0.9017508
0.9017508
0.9017508
0.9017508
0.9017508
0.9006723
0.8985156
0.8995939
0.8985156
0.8974371
0.8974371
0.8974371
0.8974371
0.8985156
0.9006723
0.9017508
0.9017508
0.9017508
0.9017508
0.9017508
0.9017508
