4
1
251
1.4
3
0.102
0.1263
1.74
0
-0.01096517
-0.01204211
-0.01096517
-0.01096517
-0.01096517
-0.009888232
-0.009888232
-0.009888232
-0.009888232
-0.009888232
-0.009888232
-0.009888232
-0.009888232
-0.009888232
-0.009888232
-0.009888232
-0.009888232
-0.009888232
-0.009888232
-0.008811295
-0.008811295
-0.006657362
-0.006657362
-0.007734299
-0.006657362
-0.006657362
-0.005580425
-0.005580425
-0.002349615
0.004112005
0.02349699
0.06334376
0.1268831
0.201192
0.2862703
0.3347327
0.3476559
0.3358096
0.3207324
0.3196554
0.3218093
0.3185785
0.2981167
0.2550391
0.2033459
0.1516528
0.1064214
0.07519007
0.06118989
0.05472815
0.04934347
0.04180491
0.03103554
0.01918912
0.009496689
0.0008811951
-0.004503489
-0.009888232
-0.01527292
-0.01958066
-0.02281147
-0.02711928
-0.03250396
-0.03573477
-0.04004252
-0.04111946
-0.03896558
-0.03035009
-0.01204211
0.0267278
0.08057475
0.1505759
0.2270386
0.2981167
0.3476559
0.3831949
0.399349
0.4058107
0.4122723
0.4230417
0.4359649
0.454273
0.4736578
0.4962736
0.5156585
0.5307357
0.542582
0.5501206
0.5555054
0.5576593
0.5608901
0.5651978
0.5705825
0.5781211
0.5867366
0.598583
0.6125832
0.6287372
0.6448914
0.6610454
0.6804304
0.6944306
0.7062769
0.7170464
0.7224311
0.7267388
0.7299696
0.7288927
0.7267388
0.7213541
0.7159694
0.7084309
0.7030461
0.6965845
0.6965845
0.6965845
0.6965845
0.6965845
0.6965845
0.6955075
0.6922767
0.687969
0.687969
0.6847382
0.6858151
0.686892
0.6901228
0.6933537
0.6955075
0.6998153
0.7008922
0.7019691
0.7008922
0.7008922
0.7008922
0.6965845
0.6944306
0.6911998
0.687969
0.6858151
0.6847382
0.6847382
0.686892
0.6836612
0.6836612
0.6836612
0.6836612
0.6847382
0.6847382
0.6847382
0.686892
0.686892
0.6847382
0.6836612
0.686892
0.6858151
0.687969
0.6911998
0.6944306
0.6955075
0.6955075
0.6955075
0.6955075
0.6965845
0.6965845
0.6944306
0.6922767
0.6933537
0.6922767
0.6922767
0.6955075
0.6965845
0.6987383
0.6998153
0.7019691
0.7030461
0.7073538
0.7105848
0.7116617
0.7138156
0.7170464
0.7181233
0.7192003
0.7181233
0.7181233
0.7138156
0.7105848
0.7116617
0.7159694
0.7202772
0.7224311
0.7224311
0.7213541
0.7224311
0.7224311
0.7245849
0.7288927
0.7310466
0.7321235
0.7310466
0.7299696
0.7267388
0.7256619
0.7256619
0.7299696
0.7299696
0.7310466
0.7310466
0.7310466
0.7310466
0.7310466
0.7310466
0.7321235
0.7342774
0.7353543
0.7353543
0.7353543
0.7353543
0.7353543
0.7342774
0.7342774
0.7310466
0.7310466
0.7278157
0.7256619
0.723508
0.7256619
0.7299696
0.7353543
0.7385851
0.7428929
0.7450467
0.7461238
0.7472007
0.7504315
0.7515085
0.7525854
0.7525854
0.7536623
0.7558162
0.7525854
0.7536623
0.7547393
0.7536623
0.7536623
0.7547393
0.7558162
0.7568932
0.7568932
0.7547393
0.7547393
