4
1
251
1.4
3
0.102
0.1263
1.74
0
-0.01224792
-0.01224792
-0.01224792
-0.01224792
-0.01224792
-0.01117009
-0.01224792
-0.01009232
-0.01117009
-0.01224792
-0.009014487
-0.01224792
-0.007936656
-0.01117009
-0.01224792
-0.01117009
-0.01009232
-0.009014487
-0.009014487
-0.007936656
-0.009014487
-0.007936656
-0.007936656
-0.007936656
-0.007936656
-0.006858826
-0.004703224
-0.004703224
-0.0003919601
0.004997134
0.02116442
0.06535494
0.1278683
0.2033155
0.2798405
0.3326535
0.3498986
0.3380426
0.3261867
0.3229532
0.3272644
0.3283423
0.3164864
0.2927743
0.2647511
0.2388835
0.2162493
0.2065489
0.1990042
0.1925373
0.1806813
0.1623584
0.1461912
0.130024
0.1192458
0.1106232
0.1041564
0.09876728
0.09337819
0.08798909
0.0826
0.08475566
0.09768939
0.1257126
0.1849926
0.2572063
0.3401983
0.4307349
0.50726
0.560073
0.5837849
0.5902518
0.5924075
0.60103
0.6139638
0.6268977
0.6419871
0.6592321
0.6753994
0.6904888
0.7023449
0.713123
0.724979
0.7357572
0.7476132
0.7616248
0.7745585
0.7907258
0.8079709
0.8219825
0.8349164
0.8510836
0.8640174
0.8715621
0.878029
0.878029
0.8737178
0.8672509
0.8553948
0.8424611
0.8273716
0.8165934
0.8101265
0.8058153
0.8058153
0.8090488
0.8112044
0.8112044
0.8112044
0.8112044
0.8122822
0.8112044
0.8112044
0.8112044
0.8068931
0.8025818
0.8025818
0.8004262
0.7982706
0.7961149
0.7907258
0.7853367
0.7799476
0.7756364
0.7713251
0.7680917
0.765936
0.7637805
0.7637805
0.7637805
0.7670139
0.7702473
0.7756364
0.7788699
0.7831812
0.784259
0.7853367
0.7853367
0.7853367
0.7853367
0.7885702
0.7896481
0.7907258
0.7896481
0.7896481
0.7896481
0.7896481
0.7918037
0.7928815
0.7939593
0.7950372
0.7961149
0.7939593
0.7961149
0.7971928
0.7993484
0.8025818
0.8036597
0.8047374
0.8068931
0.8068931
0.8079709
0.8068931
0.8090488
0.8090488
0.8101265
0.8101265
0.8112044
0.8101265
0.8112044
0.8144379
0.8155156
0.8187491
0.8230604
0.8262938
0.8284495
0.8327607
0.8327607
0.8295273
0.8284495
0.8284495
0.8262938
0.8284495
0.8284495
0.8284495
0.8241382
0.819827
0.8209047
0.8252161
0.830605
0.8327607
0.8327607
0.8327607
0.8316829
0.8327607
0.8327607
0.8359941
0.8381498
0.8392277
0.8392277
0.837072
0.837072
0.837072
0.8381498
0.8403054
0.8403054
0.8424611
0.8446167
0.8446167
0.8456945
0.8456945
0.8456945
0.8435389
0.8413832
0.837072
0.837072
0.8349164
0.8327607
0.830605
0.8295273
0.8284495
0.8316829
0.8359941
0.8435389
0.8478502
0.848928
0.848928
0.848928
0.848928
0.8532393
0.8532393
0.8543171
0.8543171
0.8543171
0.8543171
0.8532393
0.8543171
0.8553948
0.8543171
0.8543171
0.8543171
0.8553948
0.8543171
0.8543171
0.8553948
0.8564727
0.8543171
0.8553948
0.8543171
0.8543171
0.8543171
