4
1
251
1.4
3
0.102
0.1263
1.74
0
-0.01283514
-0.01283514
-0.01283514
-0.01175737
-0.01283514
-0.01283514
-0.0106796
-0.0106796
-0.0106796
-0.01175737
-0.0106796
-0.009601891
-0.01175737
-0.0106796
-0.01175737
-0.009601891
-0.0106796
-0.0106796
-0.009601891
-0.00852412
-0.00852412
-0.00852412
-0.00852412
-0.00852412
-0.00852412
-0.006368577
-0.004213035
-0.004213035
-0.0009797215
0.005486846
0.02488661
0.06691945
0.1261965
0.2005622
0.2878611
0.3374382
0.3471382
0.334205
0.3234273
0.3223495
0.3277384
0.3309717
0.3212718
0.2997165
0.274928
0.2544504
0.2361284
0.224273
0.2124176
0.1962512
0.1768514
0.1542183
0.1337408
0.114341
0.0970968
0.08308589
0.07338595
0.06691945
0.0647639
0.06045282
0.06045282
0.06045282
0.07338595
0.1024857
0.1531405
0.2253507
0.3104942
0.3924043
0.4613812
0.4969474
0.5120361
0.5141916
0.5163472
0.5238916
0.5346692
0.5443691
0.5540689
0.5670021
0.5831685
0.5993351
0.6144238
0.6273569
0.6413678
0.6596898
0.6747786
0.690945
0.709267
0.7232779
0.7394444
0.7566886
0.7685441
0.7782439
0.7857883
0.7922548
0.7987214
0.800877
0.7976437
0.791177
0.782555
0.7706996
0.7588441
0.7512999
0.7480665
0.7491443
0.7534553
0.7599219
0.764233
0.7663885
0.7685441
0.7706996
0.7706996
0.7717774
0.7674663
0.7663885
0.7620775
0.7588441
0.7545331
0.7545331
0.7512999
0.745911
0.7415999
0.7415999
0.7372888
0.7329779
0.7329779
0.7297446
0.7286668
0.727589
0.7286668
0.7308223
0.7319001
0.7351333
0.7383666
0.7405221
0.7415999
0.7437555
0.745911
0.7448332
0.7448332
0.7426777
0.7448332
0.745911
0.7469888
0.745911
0.745911
0.745911
0.7480665
0.7491443
0.7502221
0.7512999
0.7523776
0.7534553
0.7545331
0.7566886
0.7577664
0.7588441
0.7588441
0.7599219
0.7599219
0.7620775
0.7609997
0.7620775
0.7631552
0.7631552
0.7631552
0.764233
0.7663885
0.7663885
0.7674663
0.7685441
0.7696218
0.772855
0.7750106
0.7803994
0.7847105
0.7857883
0.7890216
0.7890216
0.7879438
0.7847105
0.7847105
0.7836328
0.7847105
0.7847105
0.7847105
0.7803994
0.7760884
0.7782439
0.7814772
0.7879438
0.791177
0.7900994
0.7890216
0.7890216
0.7890216
0.7922548
0.7944103
0.7954881
0.7965659
0.7976437
0.7954881
0.7954881
0.7976437
0.7976437
0.7997992
0.800877
0.8019547
0.8019547
0.8019547
0.8019547
0.8019547
0.8019547
0.7987214
0.7976437
0.7976437
0.7965659
0.7933326
0.7933326
0.7890216
0.7868661
0.7879438
0.7933326
0.7976437
0.8030325
0.8062658
0.8062658
0.8062658
0.8062658
0.8094991
0.8105768
0.8116546
0.8105768
0.8105768
0.8116546
0.8127323
0.8138101
0.8148879
0.8148879
0.8127323
0.8148879
0.8148879
0.8148879
0.8148879
0.8148879
0.8159657
0.8170434
0.8148879
0.8148879
0.8148879
0.8148879
0.8148879
