4
1
251
1.4
3
0.102
0.1263
1.74
0
-0.01067251
-0.01067251
-0.009592175
-0.01067251
-0.009592175
-0.009592175
-0.009592175
-0.009592175
-0.009592175
-0.008511841
-0.009592175
-0.009592175
-0.009592175
-0.01067251
-0.009592175
-0.008511841
-0.008511841
-0.009592175
-0.009592175
-0.007431448
-0.007431448
-0.006351113
-0.008511841
-0.006351113
-0.006351113
-0.005270779
-0.004190445
-0.002029717
0.000131011
0.006613016
0.0238986
0.06279111
0.1276119
0.2097182
0.2875031
0.3350384
0.352324
0.3382795
0.3253154
0.3231546
0.3263956
0.3253154
0.3101904
0.2831818
0.249691
0.2162004
0.1924326
0.1805489
0.1783881
0.1762275
0.1708257
0.1589419
0.1470581
0.1351743
0.1254512
0.1178887
0.1114067
0.109246
0.1070852
0.1070852
0.1070852
0.112487
0.1297725
0.1600223
0.218361
0.299387
0.3966182
0.4895281
0.5619112
0.6148483
0.6386158
0.645098
0.648339
0.6559014
0.6688656
0.6872314
0.7055974
0.7261239
0.7466506
0.760695
0.7682575
0.7736592
0.7801412
0.7866234
0.7963464
0.8093107
0.8255159
0.8428013
0.863328
0.8816938
0.8957384
0.9076222
0.9151846
0.9205863
0.9216667
0.919506
0.916265
0.9065418
0.8935777
0.8784528
0.8611673
0.8471228
0.8406407
0.8373996
0.8373996
0.8363193
0.8373996
0.8373996
0.8352389
0.8330783
0.8341587
0.8330783
0.8319979
0.8287569
0.8287569
0.8287569
0.8276765
0.8244355
0.8233552
0.8179533
0.8125516
0.8049892
0.7985072
0.7941858
0.7898644
0.7866234
0.785543
0.785543
0.7877038
0.788784
0.7920251
0.7963464
0.7974268
0.8039089
0.8060696
0.8093107
0.8103909
0.8114713
0.8114713
0.8114713
0.8147124
0.8157927
0.8179533
0.8201141
0.8168731
0.8157927
0.8157927
0.8168731
0.8179533
0.8190337
0.8190337
0.8190337
0.8201141
0.8211944
0.8244355
0.8276765
0.8319979
0.8330783
0.8352389
0.8352389
0.8341587
0.8363193
0.8363193
0.8373996
0.8373996
0.8363193
0.8373996
0.83848
0.8395604
0.8406407
0.8417211
0.8438817
0.8449621
0.8492835
0.8536048
0.8568459
0.8579262
0.8590065
0.8557656
0.8546852
0.8546852
0.8546852
0.8536048
0.8546852
0.8536048
0.8503639
0.8460424
0.8460424
0.8482031
0.8536048
0.8579262
0.8590065
0.8579262
0.8579262
0.8590065
0.8590065
0.8622476
0.8644083
0.8676493
0.8644083
0.863328
0.863328
0.8611673
0.8622476
0.8644083
0.866569
0.8676493
0.8687297
0.8687297
0.8698101
0.8698101
0.8676493
0.8676493
0.866569
0.863328
0.863328
0.863328
0.8600869
0.8557656
0.8546852
0.8557656
0.8611673
0.866569
0.8708904
0.8752118
0.8752118
0.8752118
0.8762921
0.8773725
0.8795332
0.8806136
0.8816938
0.8816938
0.8816938
0.8806136
0.8806136
0.8795332
0.8806136
0.8806136
0.8806136
0.8806136
0.8806136
0.8806136
0.8806136
0.8806136
0.8806136
0.8806136
0.8806136
0.8806136
0.8806136
0.8773725
