4
1
251
1.4
3
0.102
0.1263
1.74
0
-0.01205993
-0.01205993
-0.008824348
-0.009902894
-0.008824348
-0.008824348
-0.007745802
-0.008824348
-0.007745802
-0.007745802
-0.008824348
-0.007745802
-0.007745802
-0.007745802
-0.007745802
-0.007745802
-0.007745802
-0.004510164
-0.003431678
-0.003431678
-0.003431678
-0.003431678
-0.003431678
-0.003431678
-0.003431678
-0.001274586
-0.0001960397
0.0008825064
0.003039598
0.01058936
0.02784598
0.06775177
0.1259928
0.2090402
0.2910089
0.3406217
0.3546427
0.3417002
0.3298364
0.3330719
0.3427788
0.3546427
0.3578783
0.3589568
0.3621925
0.3654281
0.3675852
0.3686637
0.3697422
0.3686637
0.3686637
0.3708208
0.3762134
0.3869988
0.4128838
0.463575
0.554172
0.6857536
0.8421415
0.9769586
1.077263
1.110697
1.105304
1.096676
1.106383
1.126875
1.146289
1.155996
1.155996
1.150603
1.141975
1.135504
1.134425
1.135504
1.134425
1.134425
1.135504
1.135504
1.133347
1.12364
1.097755
1.057849
1.010393
0.9661733
0.9176391
0.8917542
0.8809688
0.8831259
0.885283
0.8842044
0.8777332
0.869105
0.8637122
0.8626337
0.8680264
0.8723406
0.8755761
0.8777332
0.8788117
0.8777332
0.8777332
0.8788117
0.8798903
0.885283
0.8906757
0.8971469
0.9079323
0.9208747
0.9381313
0.9564664
0.9694089
0.9748015
0.9704875
0.9672518
0.9672518
0.9704875
0.9758801
0.9780372
0.9780372
0.9737231
0.971566
0.9694089
0.9694089
0.9683304
0.9694089
0.9704875
0.9704875
0.9694089
0.9683304
0.9672518
0.9640162
0.9586235
0.9532309
0.9478382
0.9446025
0.9413669
0.9381313
0.9392098
0.9413669
0.9413669
0.9413669
0.9413669
0.9413669
0.943524
0.9456811
0.9456811
0.9456811
0.9456811
0.9456811
0.9456811
0.9456811
0.9456811
0.9467596
0.9478382
0.9489167
0.9510738
0.9521523
0.9532309
0.9564664
0.9575449
0.9618591
0.9629377
0.9618591
0.9618591
0.9661733
0.9726444
0.9791157
0.9834299
0.9834299
0.9801942
0.9758801
0.9758801
0.9758801
0.9780372
0.9780372
0.9769586
0.9791157
0.9801942
0.9801942
0.9780372
0.9758801
0.9758801
0.9758801
0.9758801
0.9758801
0.9704875
0.9672518
0.9672518
0.971566
0.9801942
0.9834299
0.9845084
0.9845084
0.9845084
0.9834299
0.9823513
0.9812728
0.9823513
0.9834299
0.9834299
0.9845084
0.9834299
0.9845084
0.9801942
0.9758801
0.9726444
0.9683304
0.9704875
0.9672518
0.9629377
0.9532309
0.9456811
0.9467596
0.9553879
0.9640162
0.9704875
0.9672518
0.9618591
0.9586235
0.959702
0.9629377
0.9661733
0.9672518
0.9672518
0.9672518
0.9672518
0.9683304
0.9683304
0.9672518
0.9672518
0.9640162
0.9629377
0.9629377
0.9618591
0.9586235
0.9521523
0.9499952
0.9532309
0.9618591
0.9672518
0.9704875
0.971566
0.971566
0.9694089
0.9704875
0.9704875
0.971566
0.971566
0.971566
0.971566
0.9704875
