4
1
251
1.4
3
0.102
0.1263
1.74
0
-0.01302773
-0.01302773
-0.01302773
-0.01302773
-0.01195025
-0.01087278
-0.009795308
-0.009795308
-0.008717835
-0.009795308
-0.01087278
-0.01195025
-0.01087278
-0.009795308
-0.009795308
-0.008717835
-0.009795308
-0.008717835
-0.009795308
-0.008717835
-0.008717835
-0.008717835
-0.008717835
-0.008717835
-0.007640362
-0.006562889
-0.005485415
-0.004407883
-0.002252936
0.004211903
0.02037418
0.05916345
0.1195023
0.1981585
0.2800469
0.3328435
0.3479283
0.333921
0.3209913
0.3188363
0.3231462
0.3199137
0.304829
0.2692722
0.224018
0.1798413
0.1378195
0.10765
0.09041035
0.08071303
0.07424819
0.06670582
0.06239593
0.05485356
0.0483886
0.03976882
0.02899396
0.02037418
0.01283181
0.006366849
-0.001175463
-0.004407883
-0.009795308
-0.01302773
-0.01518273
-0.01410526
-0.005485415
0.01283181
0.04515624
0.1033401
0.1766088
0.250955
0.3296111
0.38564
0.4255068
0.4416691
0.4502889
0.4567538
0.4664512
0.4793808
0.4966205
0.5170927
0.5354099
0.553727
0.5709667
0.582819
0.5925163
0.5979037
0.6022136
0.6032912
0.6054461
0.609756
0.6172984
0.6313057
0.6442354
0.6636301
0.6819472
0.7002645
0.7175041
0.7315114
0.7465961
0.7552159
0.7616808
0.7659907
0.7670683
0.7627583
0.7627583
0.7552159
0.748751
0.7422862
0.7336663
0.7282789
0.723969
0.723969
0.7228914
0.723969
0.7250465
0.7261239
0.723969
0.723969
0.7196591
0.7175041
0.7153492
0.7175041
0.7185816
0.7228914
0.7250465
0.7282789
0.7282789
0.7293564
0.7282789
0.7261239
0.723969
0.7196591
0.7153492
0.7121167
0.7078068
0.7034968
0.7024194
0.7024194
0.7013419
0.7045743
0.7056518
0.7067293
0.7067293
0.7067293
0.7088842
0.7099618
0.7110392
0.7131941
0.7142717
0.7153492
0.7121167
0.7131941
0.7142717
0.7153492
0.7153492
0.7153492
0.7175041
0.7175041
0.7153492
0.7153492
0.7153492
0.7153492
0.7153492
0.7153492
0.7153492
0.7153492
0.7185816
0.7185816
0.721814
0.723969
0.7250465
0.7272015
0.7315114
0.7336663
0.7358212
0.7401311
0.7422862
0.7444412
0.7444412
0.7455186
0.7455186
0.7455186
0.7433636
0.7401311
0.7368988
0.7358212
0.7390537
0.7433636
0.7455186
0.7455186
0.7455186
0.7455186
0.7465961
0.748751
0.7530609
0.7552159
0.7584484
0.7584484
0.7562934
0.7541385
0.7552159
0.7562934
0.7552159
0.7552159
0.7573708
0.7562934
0.7552159
0.7573708
0.7573708
0.7562934
0.7573708
0.7584484
0.7595259
0.7606033
0.7595259
0.7584484
0.7584484
0.7573708
0.7562934
0.7541385
0.750906
0.7498286
0.7476735
0.748751
0.7530609
0.7595259
0.7649132
0.7681457
0.7703006
0.7703006
0.7703006
0.7713782
0.7746105
0.7756881
0.7756881
0.7767656
0.777843
0.7756881
0.7756881
0.777843
0.7789205
0.7789205
0.777843
0.7789205
0.7799979
0.7799979
0.7799979
0.7799979
0.7799979
