4
1
251
1.4
3
0.102
0.1263
1.74
0
-0.01235193
-0.01235193
-0.01235193
-0.0112707
-0.01018947
-0.009108305
-0.009108305
-0.01018947
-0.009108305
-0.009108305
-0.009108305
-0.009108305
-0.009108305
-0.008027077
-0.009108305
-0.009108305
-0.009108305
-0.009108305
-0.009108305
-0.009108305
-0.009108305
-0.009108305
-0.009108305
-0.009108305
-0.006945908
-0.006945908
-0.004783452
-0.004783452
-0.002621055
0.004947424
0.02116549
0.06333256
0.1206365
0.2049706
0.2871422
0.3336341
0.3498522
0.3390402
0.3217409
0.3206596
0.3195784
0.3130912
0.2871422
0.2428128
0.1963209
0.1519915
0.118474
0.1011747
0.09901237
0.1011747
0.09684992
0.08603787
0.07198215
0.05900764
0.0481956
0.04062724
0.03413999
0.02981508
0.02981508
0.02981508
0.03089631
0.03305876
0.03630233
0.03738356
0.04062724
0.05143929
0.07630706
0.1195552
0.1887524
0.2893046
0.385532
0.4655412
0.5282512
0.5574437
0.5660934
0.5671747
0.5714995
0.584474
0.6060981
0.6223161
0.6450214
0.663402
0.6807013
0.6925945
0.7012442
0.7088126
0.7131375
0.7185435
0.7261119
0.7347616
0.7444924
0.7553045
0.7704414
0.7877407
0.8082836
0.8277453
0.8493694
0.8645064
0.8763996
0.883968
0.889374
0.8904552
0.889374
0.8850492
0.8774809
0.8655876
0.8482882
0.8309889
0.8190956
0.810446
0.8082836
0.8072025
0.8061212
0.8115273
0.8115273
0.8126085
0.8082836
0.8039588
0.799634
0.799634
0.7985528
0.8017963
0.8061212
0.8072025
0.8082836
0.8082836
0.8082836
0.80504
0.8028775
0.7974715
0.7909843
0.784497
0.7780099
0.7715226
0.7650354
0.7607105
0.7607105
0.7596294
0.7628729
0.7639542
0.7671977
0.7726038
0.7769287
0.7812535
0.7834159
0.7855783
0.7866595
0.789903
0.7888219
0.789903
0.7877407
0.7866595
0.7855783
0.7855783
0.7866595
0.7866595
0.7866595
0.7866595
0.7866595
0.7823347
0.7823347
0.7823347
0.7812535
0.7812535
0.7855783
0.7888219
0.789903
0.794228
0.7974715
0.8017963
0.8028775
0.8072025
0.8093648
0.810446
0.8126085
0.8136896
0.8180145
0.8201768
0.8212581
0.8212581
0.8212581
0.8190956
0.8169333
0.8169333
0.8126085
0.810446
0.8082836
0.8072025
0.810446
0.815852
0.8180145
0.8201768
0.8201768
0.8223393
0.8245018
0.8266641
0.8331513
0.8353138
0.836395
0.8331513
0.8299078
0.8255829
0.8277453
0.8288265
0.8299078
0.8309889
0.8320701
0.8299078
0.8299078
0.8277453
0.8288265
0.8299078
0.8309889
0.8331513
0.8342326
0.8342326
0.8342326
0.8331513
0.8309889
0.8299078
0.8299078
0.8255829
0.8234205
0.8234205
0.8245018
0.8299078
0.8385574
0.8428822
0.8461258
0.8472071
0.8461258
0.8450446
0.8472071
0.8504506
0.8515319
0.8515319
0.8515319
0.8515319
0.8493694
0.8504506
0.8515319
0.8515319
0.8515319
0.8515319
0.8526131
0.8515319
0.8515319
0.8515319
0.8482882
0.8493694
0.8504506
