4
1
251
1.4
3
0.102
0.1263
1.74
0
-0.01235056
-0.01235056
-0.01235056
-0.01127237
-0.01127237
-0.01019412
-0.01235056
-0.01019412
-0.009115934
-0.009115934
-0.009115934
-0.008037686
-0.009115934
-0.009115934
-0.01019412
-0.01019412
-0.008037686
-0.008037686
-0.008037686
-0.008037686
-0.008037686
-0.008037686
-0.009115934
-0.008037686
-0.008037686
-0.006959438
-0.00588125
-0.004803002
-0.001568377
0.003822684
0.0210743
0.06204665
0.1191922
0.2000587
0.2820035
0.3316016
0.3499314
0.3391491
0.3251323
0.3229759
0.324054
0.3218976
0.308959
0.2820035
0.2518133
0.2248578
0.2022152
0.1925112
0.1881983
0.1806508
0.1655557
0.1461477
0.1310527
0.1159576
0.1073319
0.09978426
0.09331501
0.08468926
0.07606351
0.0685159
0.0588119
0.05665553
0.06204665
0.08253276
0.1191922
0.1774161
0.2582827
0.3423837
0.4318761
0.5019603
0.5364634
0.5472456
0.5504802
0.5547931
0.5666535
0.5828269
0.6022347
0.622721
0.6378161
0.6529111
0.6647716
0.6733973
0.6809448
0.691727
0.7035874
0.7143697
0.7294648
0.7424034
0.7574985
0.7736717
0.7876886
0.8049401
0.818957
0.8351303
0.8448342
0.8502253
0.8534601
0.8513036
0.8469907
0.8362085
0.8221916
0.8103312
0.7973926
0.789845
0.7855321
0.7866104
0.7887669
0.7887669
0.7930797
0.7920015
0.789845
0.789845
0.789845
0.789845
0.7876886
0.7866104
0.7855321
0.7855321
0.7855321
0.7855321
0.7812192
0.7790629
0.7725935
0.7682806
0.7639678
0.7596549
0.755342
0.7510291
0.7510291
0.7510291
0.7510291
0.7510291
0.7531855
0.7574985
0.7618114
0.7639678
0.7672024
0.7682806
0.7715153
0.7715153
0.7736717
0.7758282
0.7769064
0.7769064
0.7758282
0.7769064
0.7758282
0.7758282
0.7758282
0.7769064
0.7769064
0.7769064
0.7769064
0.7769064
0.7769064
0.7801411
0.7822975
0.784454
0.7855321
0.7887669
0.7887669
0.789845
0.7909232
0.794158
0.794158
0.794158
0.794158
0.794158
0.794158
0.794158
0.7973926
0.7984709
0.8017055
0.8049401
0.8081747
0.8114095
0.8146441
0.8157223
0.8157223
0.8114095
0.8114095
0.8103312
0.8135659
0.8124876
0.8114095
0.8081747
0.8070966
0.8060184
0.8103312
0.8146441
0.818957
0.8200352
0.8157223
0.8157223
0.8157223
0.8178787
0.8200352
0.8232698
0.8243481
0.8243481
0.8200352
0.8200352
0.8221916
0.8232698
0.8243481
0.8243481
0.8265045
0.8275827
0.828661
0.828661
0.828661
0.828661
0.828661
0.828661
0.8254263
0.8243481
0.8200352
0.8200352
0.8178787
0.8157223
0.8135659
0.8146441
0.8178787
0.8254263
0.8318956
0.8329738
0.8329738
0.8329738
0.8351303
0.8372867
0.8362085
0.8405213
0.8415996
0.8415996
0.8394432
0.8415996
0.8415996
0.8415996
0.8405213
0.8415996
0.8415996
0.8405213
0.8415996
0.8415996
0.8405213
0.8405213
0.8415996
0.8415996
0.8415996
0.8415996
0.8415996
