4
1
251
1.4
3
0.102
0.1263
1.74
0
-0.008824348
-0.008824348
-0.009902894
-0.008824348
-0.008824348
-0.008824348
-0.008824348
-0.008824348
-0.008824348
-0.007745802
-0.008824348
-0.007745802
-0.007745802
-0.007745802
-0.008824348
-0.007745802
-0.007745802
-0.007745802
-0.007745802
-0.007745802
-0.006667256
-0.006667256
-0.006667256
-0.007745802
-0.00558871
-0.003431678
-0.003431678
-0.0001960397
0.003039598
0.007353663
0.02676737
0.06235909
0.1238357
0.202569
0.2877734
0.335229
0.3503286
0.3395432
0.3266007
0.3266007
0.3309149
0.3330719
0.3266007
0.3104227
0.2877734
0.2683597
0.2478675
0.2316895
0.2165899
0.2036475
0.188548
0.1756055
0.1669772
0.160506
0.1626631
0.1637416
0.1648202
0.1669772
0.1734484
0.1874695
0.2209041
0.2813022
0.3665066
0.4624964
0.5520149
0.6210414
0.654476
0.6652614
0.6620258
0.66634
0.6760467
0.6900678
0.7030102
0.7159526
0.7288951
0.7450732
0.7634083
0.7828219
0.8000785
0.8140996
0.827042
0.84322
0.8550839
0.8680264
0.8777332
0.8842044
0.8895972
0.8928328
0.8960683
0.8982254
0.8906757
0.8809688
0.8669479
0.8486127
0.8335131
0.8259635
0.8216493
0.8227278
0.827042
0.8313562
0.8335131
0.8335131
0.8335131
0.8324347
0.8291991
0.8248849
0.8205707
0.8194922
0.8162566
0.8119425
0.8076283
0.8033142
0.799
0.7957644
0.7946858
0.7946858
0.7957644
0.7946858
0.7946858
0.7946858
0.7968429
0.799
0.8022356
0.8043927
0.8087069
0.810864
0.8119425
0.8119425
0.810864
0.8087069
0.8087069
0.8097854
0.8087069
0.810864
0.8140996
0.815178
0.8162566
0.8184137
0.8227278
0.8248849
0.8291991
0.8313562
0.8335131
0.8367488
0.8367488
0.8367488
0.8378273
0.8378273
0.8378273
0.8378273
0.8378273
0.8378273
0.8378273
0.8378273
0.8367488
0.8367488
0.8378273
0.8378273
0.8378273
0.8378273
0.8389059
0.8399844
0.8410629
0.84322
0.8442986
0.8464557
0.8453771
0.8453771
0.8453771
0.8507698
0.8529269
0.857241
0.8593981
0.8593981
0.8593981
0.8593981
0.8593981
0.8583195
0.8583195
0.8593981
0.8593981
0.8583195
0.8583195
0.8593981
0.8593981
0.8561624
0.8550839
0.8540055
0.857241
0.8626337
0.8637122
0.8637122
0.8637122
0.8637122
0.8637122
0.8669479
0.8680264
0.8701835
0.8723406
0.8723406
0.8723406
0.8723406
0.8755761
0.8766547
0.8766547
0.8766547
0.8766547
0.873419
0.8723406
0.8723406
0.8723406
0.8701835
0.871262
0.869105
0.8680264
0.8626337
0.8593981
0.8604766
0.8647908
0.8723406
0.8788117
0.8798903
0.8788117
0.8766547
0.8788117
0.8798903
0.8820474
0.8831259
0.8820474
0.8809688
0.8809688
0.8809688
0.8809688
0.8820474
0.8831259
0.8809688
0.8809688
0.8809688
0.8831259
0.8820474
0.8820474
0.8809688
0.8809688
0.8809688
0.8788117
0.8766547
0.8766547
0.8788117
0.8798903
0.8809688
0.8831259
