4
1
251
1.4
3
0.102
0.1263
1.74
0
-0.01486874
-0.01271665
-0.01379269
-0.01271665
-0.01271665
-0.01271665
-0.01271665
-0.01271665
-0.01271665
-0.01271665
-0.01271665
-0.01271665
-0.01271665
-0.01056463
-0.01271665
-0.01271665
-0.01056463
-0.01056463
-0.01164067
-0.01056463
-0.009488642
-0.0084126
-0.01486874
-0.01379269
-0.01056463
-0.01164067
-0.006260574
-0.005184531
-0.005184531
0.001271605
0.01633584
0.0518446
0.1121018
0.1906514
0.271353
0.3251541
0.3466744
0.3348383
0.32085
0.3143939
0.3186979
0.3111658
0.2961015
0.2616688
0.2186279
0.1809672
0.1508386
0.1357743
0.1303942
0.12609
0.121786
0.1077977
0.08520126
0.05937672
0.03462827
0.01203179
-0.004108489
-0.01379269
-0.01917279
-0.0234769
-0.02885699
-0.03531313
-0.04392129
-0.0536055
-0.06436568
-0.07297391
-0.07727796
-0.078354
-0.07189786
-0.05575752
-0.02562892
0.021716
0.07444108
0.1529906
0.2358443
0.3122418
0.3660429
0.4037037
0.423072
0.4295281
0.4306042
0.4359843
0.4435164
0.4575047
0.471493
0.4876333
0.4983935
0.5059257
0.5134578
0.52099
0.5295981
0.5403583
0.5532706
0.5694109
0.5844753
0.6006155
0.6135278
0.6242881
0.6339722
0.6479605
0.6641009
0.677013
0.6931534
0.7092937
0.7275862
0.7458785
0.7609428
0.771703
0.7781591
0.7781591
0.7749311
0.7684749
0.7598667
0.7501825
0.7415744
0.7297381
0.722206
0.7168258
0.7146739
0.7135978
0.7179019
0.722206
0.7254341
0.7308141
0.7361943
0.7361943
0.7361943
0.7361943
0.7361943
0.7394223
0.7394223
0.7415744
0.7426504
0.7404983
0.7404983
0.7404983
0.7361943
0.7361943
0.7318902
0.7308141
0.7275862
0.7243581
0.723282
0.722206
0.7146739
0.7103697
0.7049897
0.7006855
0.6974574
0.6974574
0.6996095
0.7006855
0.7028376
0.7060657
0.7092937
0.7125218
0.7157499
0.7179019
0.7189779
0.7157499
0.7168258
0.7146739
0.7146739
0.7125218
0.7125218
0.7114458
0.7125218
0.7125218
0.7103697
0.7103697
0.7103697
0.7135978
0.7125218
0.7157499
0.7157499
0.7200539
0.7179019
0.7200539
0.7189779
0.72113
0.7243581
0.72651
0.7308141
0.7340422
0.7361943
0.7351183
0.7318902
0.7308141
0.7318902
0.7361943
0.7383463
0.7404983
0.7372702
0.7361943
0.7340422
0.7351183
0.7383463
0.7426504
0.7437264
0.7415744
0.7404983
0.7361943
0.7361943
0.7394223
0.7404983
0.7437264
0.7469544
0.7480305
0.7480305
0.7458785
0.7480305
0.7491065
0.7501825
0.7512586
0.7534106
0.7534106
0.7534106
0.7534106
0.7566386
0.7534106
0.7544867
0.7512586
0.7491065
0.7480305
0.7448025
0.7404983
0.7394223
0.7361943
0.7383463
0.7426504
0.7469544
0.7534106
0.7566386
0.7620188
0.7620188
0.7620188
0.7630948
0.7652469
0.7663229
0.7684749
0.7695509
0.7684749
0.7695509
0.7706269
0.7706269
0.7706269
0.7706269
0.771703
0.773855
0.7706269
0.771703
