4
1
251
1.4
3
0.102
0.1263
1.74
0
-0.01083636
-0.01406771
-0.01299059
-0.01191348
-0.009759247
-0.009759247
-0.01191348
-0.01406771
-0.01083636
-0.01191348
-0.01083636
-0.009759247
-0.008682132
-0.009759247
-0.009759247
-0.009759247
-0.009759247
-0.009759247
-0.006527901
-0.009759247
-0.009759247
-0.009759247
-0.009759247
-0.007605016
-0.005450785
-0.005450785
-0.005450785
-0.005450785
-0.002219439
0.00316608
0.02363133
0.0656389
0.1334972
0.2185895
0.2896793
0.3370724
0.342458
0.3316869
0.3187613
0.3166071
0.3176843
0.3101444
0.2875251
0.241209
0.1895074
0.1507312
0.1205719
0.1098007
0.1087236
0.1065694
0.09687531
0.07856429
0.05271351
0.01824582
-0.008682132
-0.03561008
-0.04745835
-0.0506897
-0.0506897
-0.04961258
-0.04853547
-0.0506897
-0.05715239
-0.06684649
-0.0743863
-0.08408034
-0.08731169
-0.0883888
-0.08408034
-0.07546341
-0.05499816
-0.01622194
0.04086518
0.1087236
0.1905845
0.269214
0.3284554
0.3683088
0.3930825
0.4016994
0.4049307
0.4060079
0.4146248
0.4275502
0.4426298
0.453401
0.4663265
0.4749434
0.4803289
0.4846374
0.490023
0.4986399
0.5115653
0.5234137
0.544956
0.5654212
0.5858864
0.6020432
0.6117373
0.6203542
0.6289711
0.637588
0.6472821
0.6623617
0.6806726
0.7022151
0.7194489
0.7323743
0.7431455
0.7485311
0.7485311
0.7452997
0.7409912
0.7334514
0.7237574
0.7151405
0.7065235
0.6989837
0.6914439
0.6892896
0.6914439
0.692521
0.6957524
0.6989837
0.7011379
0.7032921
0.7076006
0.7097548
0.7119091
0.7162175
0.7172947
0.7183717
0.720526
0.7194489
0.720526
0.7183717
0.7151405
0.7140633
0.7129862
0.710832
0.7086778
0.7119091
0.7032921
0.7065235
0.7054464
0.7011379
0.6979066
0.6892896
0.6839041
0.6828269
0.6795956
0.6795956
0.6785184
0.6828269
0.6871353
0.6914439
0.6892896
0.6946752
0.6968294
0.6968294
0.6979066
0.7022151
0.7022151
0.7011379
0.6989837
0.6968294
0.6968294
0.6946752
0.692521
0.6903667
0.6892896
0.6903667
0.692521
0.6892896
0.6914439
0.6946752
0.6957524
0.6989837
0.7000608
0.7011379
0.7032921
0.7076006
0.7097548
0.710832
0.7119091
0.7097548
0.7086778
0.7086778
0.7140633
0.7194489
0.7216032
0.7226802
0.7216032
0.7183717
0.7183717
0.720526
0.7226802
0.7237574
0.7259116
0.7216032
0.7237574
0.7183717
0.7183717
0.7183717
0.7216032
0.7226802
0.7248344
0.7269887
0.7269887
0.7269887
0.7291429
0.7280658
0.7269887
0.7291429
0.7302201
0.7323743
0.7312971
0.7323743
0.7356057
0.7334514
0.7312971
0.7312971
0.7312971
0.7280658
0.7269887
0.7259116
0.7226802
0.7216032
0.7226802
0.7259116
0.7280658
0.7291429
0.7356057
0.7409912
0.7377599
0.7420684
0.7442226
0.7474539
0.7485311
0.7485311
0.7517624
0.7528396
0.7528396
0.7528396
0.7560709
0.7528396
0.7560709
0.765765
0.757148
0.7528396
0.7528396
