4
1
251
1.4
3
0.102
0.1263
1.74
0
-0.01267266
-0.01267266
-0.01375049
-0.01267266
-0.01159483
-0.010517
-0.01267266
-0.01267266
-0.01159483
-0.00943917
-0.01267266
-0.00943917
-0.01267266
-0.01267266
-0.00836134
-0.00943917
-0.010517
-0.007283509
-0.005127847
-0.006205678
-0.00836134
-0.00836134
-0.007283509
-0.00836134
-0.007283509
-0.005127847
-0.005127847
-0.001894355
-0.001894355
0.005650401
0.02505147
0.06708682
0.1328346
0.2169055
0.2998985
0.3430117
0.3494787
0.3365448
0.3246886
0.3257664
0.3333112
0.3376225
0.3322334
0.3160659
0.296665
0.2740304
0.2524738
0.2395399
0.2298394
0.2233725
0.2158276
0.2050493
0.1931931
0.1824148
0.17487
0.168403
0.1705587
0.1727144
0.1867261
0.2222946
0.2815753
0.3548678
0.4583397
0.5402548
0.5984578
0.6232479
0.6297148
0.6340262
0.6426488
0.6566607
0.673906
0.6900735
0.7030075
0.7148635
0.7288754
0.737498
0.7482764
0.7579769
0.7719886
0.7870783
0.8000122
0.8161798
0.8248024
0.8345028
0.8442034
0.8517482
0.8571373
0.8582152
0.8517482
0.8409698
0.8291137
0.8151019
0.8054014
0.8000122
0.7989345
0.8000122
0.8010901
0.8021679
0.8021679
0.8021679
0.8021679
0.8000122
0.7978566
0.7978566
0.7978566
0.7989345
0.7978566
0.7978566
0.7924675
0.7881562
0.7849226
0.7827669
0.7827669
0.7806113
0.7806113
0.7806113
0.7806113
0.7816892
0.7838448
0.7860005
0.7881562
0.7924675
0.7935452
0.7957009
0.7957009
0.7924675
0.7946231
0.7957009
0.7967788
0.7978566
0.7978566
0.7989345
0.8000122
0.8054014
0.8021679
0.8032458
0.8054014
0.8064792
0.8086349
0.8129462
0.8140241
0.8161798
0.8194132
0.8194132
0.8194132
0.8172575
0.8194132
0.8204911
0.8215688
0.8215688
0.8204911
0.8215688
0.8204911
0.8204911
0.8215688
0.8204911
0.8226467
0.8237245
0.8237245
0.8237245
0.8237245
0.8269581
0.8280358
0.8269581
0.8269581
0.8280358
0.8280358
0.8301915
0.8312694
0.8366585
0.839892
0.8431255
0.8442034
0.8442034
0.8409698
0.8420477
0.8431255
0.8442034
0.8452812
0.8452812
0.8442034
0.8452812
0.8442034
0.8420477
0.8409698
0.839892
0.8366585
0.839892
0.8431255
0.8474369
0.8495926
0.8495926
0.8495926
0.8495926
0.8495926
0.8517482
0.8539039
0.8560596
0.8571373
0.859293
0.8603709
0.8582152
0.8582152
0.859293
0.8603709
0.8625265
0.8625265
0.8603709
0.8582152
0.8582152
0.8549817
0.8571373
0.8549817
0.8495926
0.8474369
0.846359
0.8474369
0.8506703
0.8582152
0.8614486
0.8625265
0.8625265
0.8614486
0.8614486
0.8625265
0.8646822
0.8636043
0.86576
0.8668379
0.86576
0.86576
0.8636043
0.8646822
0.8711492
0.8700713
0.8679156
0.8700713
0.8711492
0.8668379
0.8668379
0.8668379
0.86576
0.8625265
0.8625265
0.8636043
0.8614486
0.8625265
0.8646822
0.8668379
0.8668379
0.86576
