4
1
251
1.4
3
0.102
0.1263
1.74
0
-0.01059383
-0.009514868
-0.009514868
-0.009514868
-0.009514868
-0.009514868
-0.009514868
-0.009514868
-0.009514868
-0.009514868
-0.009514868
-0.009514868
-0.009514868
-0.009514868
-0.009514868
-0.009514868
-0.009514868
-0.007356882
-0.006277859
-0.008435845
-0.007356882
-0.005198836
-0.005198836
-0.006277859
-0.005198836
-0.005198836
-0.00304085
-0.001961887
0.0001960993
0.004512072
0.02177608
0.05738294
0.1167277
0.1998105
0.2774982
0.3303691
0.35087
0.3422381
0.32929
0.3249741
0.3303691
0.3336061
0.32929
0.3141842
0.2947621
0.2774982
0.2613133
0.2516023
0.2451284
0.2375754
0.2278644
0.2181535
0.2052054
0.1933365
0.1836256
0.1706775
0.1577296
0.1447817
0.1253598
0.1048588
0.08435786
0.06277788
0.05090892
0.04982996
0.07140994
0.1199647
0.1987315
0.2926042
0.3961879
0.5008506
0.5731434
0.6249352
0.660542
0.6885959
0.7209659
0.7479408
0.7792317
0.8159175
0.8396555
0.8558404
0.8677094
0.8795784
0.8903683
0.9033163
0.9151852
0.9270542
0.9378442
0.9507921
0.9669771
0.984241
1.003663
1.027401
1.051139
1.078114
1.107247
1.130985
1.149328
1.161196
1.16767
1.166591
1.159039
1.143933
1.12559
1.106168
1.088904
1.07164
1.061929
1.054376
1.047902
1.03927
1.032796
1.023085
1.012295
1.003663
0.998268
0.995031
0.991794
0.987478
0.987478
0.983162
0.9788461
0.9788461
0.9723721
0.9637401
0.955108
0.9464761
0.9378442
0.9248962
0.9108692
0.8968422
0.8828154
0.8698673
0.8579984
0.8493664
0.8461294
0.8472085
0.8515245
0.8536824
0.8569194
0.8612354
0.8644724
0.8687884
0.8666304
0.8666304
0.8666304
0.8655514
0.8677094
0.8687884
0.8698673
0.8709464
0.8709464
0.8687884
0.8709464
0.8709464
0.8709464
0.8709464
0.8709464
0.8720254
0.8741834
0.8741834
0.8752624
0.8784994
0.8806573
0.8828154
0.8871313
0.8925263
0.9000793
0.9022373
0.9043952
0.9108692
0.9141062
0.9141062
0.9151852
0.9173433
0.9216592
0.9248962
0.9259752
0.9302912
0.9313701
0.9313701
0.9270542
0.9292122
0.9292122
0.9302912
0.9313701
0.9313701
0.9270542
0.9292122
0.9335282
0.9356861
0.9389231
0.9410812
0.9400022
0.9400022
0.9400022
0.9410812
0.9421601
0.9443182
0.9464761
0.9453971
0.9443182
0.9443182
0.9400022
0.9400022
0.9400022
0.9389231
0.9400022
0.9378442
0.9389231
0.9400022
0.9443182
0.9464761
0.9486341
0.9486341
0.9443182
0.9443182
0.9400022
0.9356861
0.9324492
0.9281332
0.9227382
0.9205803
0.9195012
0.9248962
0.9259752
0.9313701
0.9335282
0.9346071
0.9356861
0.9346071
0.9346071
0.9389231
0.9410812
0.9432391
0.9432391
0.9443182
0.9475552
0.9475552
0.9486341
0.9507921
0.9497131
0.9518712
0.9486341
0.9486341
0.9518712
0.9518712
0.9507921
0.9518712
0.9518712
0.9507921
0.9518712
