4
1
251
1.4
3
0.102
0.1263
1.74
0
-0.01091057
-0.01306653
-0.01198858
-0.01091057
-0.008754611
-0.008754611
-0.008754611
-0.008754611
-0.009832561
-0.008754611
-0.009832561
-0.008754611
-0.008754611
-0.008754611
-0.009832561
-0.009832561
-0.008754611
-0.008754611
-0.008754611
-0.008754611
-0.008754611
-0.007676601
-0.006598592
-0.005520642
-0.005520642
-0.004442632
-0.004442632
-0.003364623
-0.0001306534
0.009571195
0.02897501
0.0764066
0.143242
0.2262472
0.3049405
0.3437481
0.3523721
0.3383582
0.3275783
0.3286562
0.3351241
0.3362021
0.3254223
0.3049405
0.2823027
0.2682889
0.255353
0.2510409
0.2521189
0.249963
0.244573
0.2391831
0.2359492
0.2327151
0.2337931
0.2359492
0.2370272
0.244573
0.2607429
0.2941606
0.3620739
0.463405
0.5981537
0.7382925
0.8482474
0.9150828
0.9420325
0.9452665
0.9452665
0.9560463
0.9754502
0.994854
1.015336
1.033662
1.04552
1.056299
1.062767
1.072469
1.082171
1.092951
1.109121
1.126369
1.144695
1.15763
1.166255
1.16841
1.169488
1.167332
1.158709
1.140383
1.113433
1.076781
1.035818
0.995932
0.9700602
0.9549683
0.9517344
0.9495784
0.9485004
0.9463445
0.9409546
0.9323306
0.9258627
0.9204727
0.9129268
0.9086149
0.9043028
0.9010689
0.895679
0.885977
0.8751972
0.8622613
0.8525593
0.8471694
0.8439355
0.8396235
0.8407015
0.8450134
0.8471694
0.8504034
0.8611833
0.8719631
0.8816651
0.892445
0.8989129
0.9032248
0.9032248
0.9021469
0.9032248
0.9043028
0.9053808
0.9086149
0.9107708
0.9129268
0.9150828
0.9172387
0.9215508
0.9247847
0.9290966
0.9334086
0.9398766
0.9474225
0.9506564
0.9549683
0.9571244
0.9571244
0.9560463
0.9528124
0.9528124
0.9495784
0.9463445
0.9420325
0.9398766
0.9366425
0.9355645
0.9355645
0.9355645
0.9366425
0.9377205
0.9377205
0.9398766
0.9398766
0.9398766
0.9387985
0.9387985
0.9377205
0.9377205
0.9355645
0.9387985
0.9420325
0.9431105
0.9441885
0.9441885
0.9441885
0.9409546
0.9398766
0.9398766
0.9431105
0.9409546
0.9409546
0.9409546
0.9431105
0.9441885
0.9441885
0.9441885
0.9398766
0.9355645
0.9387985
0.9420325
0.9463445
0.9485004
0.9485004
0.9485004
0.9474225
0.9474225
0.9495784
0.9517344
0.9560463
0.9571244
0.9592804
0.9603584
0.9614364
0.9646703
0.9657483
0.9657483
0.9657483
0.9646703
0.9635923
0.9614364
0.9592804
0.9582024
0.9571244
0.9571244
0.9528124
0.9463445
0.9398766
0.9366425
0.9420325
0.9528124
0.9614364
0.9646703
0.9646703
0.9614364
0.9614364
0.9603584
0.9625143
0.9614364
0.9625143
0.9614364
0.9571244
0.9549683
0.9528124
0.9528124
0.9549683
0.9560463
0.9571244
0.9571244
0.9571244
0.9571244
0.9560463
0.9528124
0.9517344
0.9485004
0.9452665
0.9431105
0.9441885
0.9431105
0.9431105
0.9474225
0.9495784
0.9506564
