4
1
251
1.4
3
0.102
0.1263
1.74
0
-0.01394618
-0.01286834
-0.01286834
-0.01286834
-0.01286834
-0.01286834
-0.01286834
-0.01286834
-0.01286834
-0.01179057
-0.01071274
-0.009634972
-0.01286834
-0.01071274
-0.009634972
-0.008557141
-0.009634972
-0.009634972
-0.008557141
-0.008557141
-0.008557141
-0.008557141
-0.008557141
-0.00747937
-0.008557141
-0.006401539
-0.004245937
-0.002090335
-0.001012564
0.005454302
0.02485466
0.06796682
0.1326349
0.2210146
0.3018497
0.343884
0.3525064
0.3428062
0.3277169
0.3255614
0.3341838
0.3352616
0.333106
0.3158611
0.2986163
0.2813715
0.2705935
0.2662823
0.2619711
0.256582
0.2479596
0.2404151
0.2317926
0.2285593
0.2274814
0.2274814
0.2317926
0.2404151
0.2587377
0.300772
0.3729846
0.479687
0.6187234
0.7609932
0.8676957
0.9291303
0.9409862
0.9420639
0.9388305
0.9496086
0.969009
0.9905651
1.012121
1.028288
1.041222
1.055233
1.067089
1.078945
1.092956
1.106968
1.123135
1.140379
1.157624
1.166247
1.171636
1.172714
1.172714
1.167325
1.155469
1.13499
1.101579
1.0617
1.020743
0.9873316
0.9668534
0.9571532
0.9571532
0.9571532
0.9571532
0.952842
0.9463751
0.9399084
0.931286
0.9237413
0.9161967
0.9086521
0.9032631
0.8957185
0.8892517
0.8806293
0.8687735
0.8579954
0.8482952
0.8450618
0.8450618
0.8450618
0.8482952
0.8482952
0.8515286
0.8590732
0.8698512
0.8795514
0.8881738
0.8957185
0.9000297
0.9011074
0.9011074
0.9011074
0.9000297
0.9000297
0.9043409
0.9075743
0.9118855
0.9172745
0.9194301
0.9215857
0.9258969
0.9302081
0.9355972
0.9409862
0.9474529
0.9506863
0.9539198
0.9560754
0.9571532
0.9539198
0.952842
0.952842
0.9517641
0.9485308
0.9463751
0.9442196
0.9420639
0.9399084
0.9399084
0.9388305
0.9399084
0.9399084
0.9409862
0.9399084
0.9399084
0.9399084
0.9388305
0.9399084
0.9399084
0.9377527
0.936675
0.936675
0.9377527
0.9388305
0.9431417
0.9463751
0.9474529
0.9485308
0.9442196
0.9442196
0.9452974
0.9463751
0.9463751
0.9463751
0.9442196
0.9452974
0.9463751
0.9452974
0.9442196
0.9431417
0.9399084
0.9399084
0.9442196
0.9506863
0.952842
0.952842
0.952842
0.9517641
0.952842
0.9549975
0.9571532
0.9614644
0.9636199
0.9646978
0.9636199
0.9657756
0.9679312
0.969009
0.9679312
0.9657756
0.9657756
0.9646978
0.9614644
0.9603866
0.9571532
0.9571532
0.9571532
0.9539198
0.9463751
0.9399084
0.9399084
0.9474529
0.9549975
0.9657756
0.969009
0.969009
0.9657756
0.9636199
0.9646978
0.9646978
0.9657756
0.9657756
0.9614644
0.9614644
0.958231
0.958231
0.9593087
0.9603866
0.9603866
0.9614644
0.9614644
0.9614644
0.9603866
0.9571532
0.9539198
0.952842
0.9485308
0.9463751
0.9442196
0.9463751
0.9463751
0.9474529
0.9496086
0.9517641
0.952842
