4
1
251
1.4
3
0.102
0.1263
1.74
0
-0.01250005
-0.01250005
-0.01250005
-0.01250005
-0.01142305
-0.01250005
-0.01250005
-0.01142305
-0.009268999
-0.008191943
-0.008191943
-0.010346
-0.010346
-0.010346
-0.008191943
-0.009268999
-0.008191943
-0.008191943
-0.01250005
-0.009268999
-0.008191943
-0.008191943
-0.009268999
-0.008191943
-0.007114947
-0.007114947
-0.006037891
-0.004960895
-0.001729786
0.00473237
0.0198108
0.05858374
0.1199744
0.2039825
0.2793745
0.3343029
0.3515353
0.338611
0.3256867
0.3224556
0.3299948
0.3321488
0.3235326
0.3063002
0.2826055
0.2621421
0.2459866
0.2373704
0.2330623
0.2319852
0.2255231
0.2179838
0.2082907
0.1996744
0.1910582
0.1867501
0.1770568
0.1673635
0.1555163
0.1404378
0.1275135
0.1232054
0.1339757
0.1673635
0.2330623
0.3246096
0.4323125
0.5540166
0.6477181
0.7188019
0.7586519
0.7834235
0.8081951
0.8361979
0.8685087
0.8975885
0.9148209
0.9320533
0.9439007
0.9546709
0.9654412
0.9740574
0.9837507
0.993444
1.006368
1.018216
1.036525
1.053757
1.073144
1.091454
1.108686
1.126995
1.147459
1.16146
1.17223
1.176539
1.17223
1.16146
1.142074
1.117302
1.089299
1.066682
1.045141
1.028986
1.017138
1.006368
0.996675
0.9859048
0.9762115
0.9697493
0.9654412
0.9643642
0.9632872
0.9600561
0.956825
0.9525169
0.9471318
0.9428236
0.9363614
0.9288223
0.9202061
0.9094357
0.8986655
0.8889723
0.8771249
0.8674316
0.8577385
0.8501992
0.8426601
0.8372749
0.8361979
0.8351209
0.838352
0.8437371
0.8491222
0.8555844
0.8631235
0.8695858
0.8728168
0.878202
0.8835871
0.8868182
0.8900493
0.8889723
0.8911263
0.8878952
0.8878952
0.8878952
0.8868182
0.8878952
0.8911263
0.8911263
0.8943574
0.8954344
0.8965114
0.9029737
0.9083588
0.9115899
0.915898
0.918052
0.9212831
0.9245142
0.9288223
0.9309764
0.9342074
0.9342074
0.9352845
0.9352845
0.9352845
0.9320533
0.9309764
0.9309764
0.9342074
0.9352845
0.9406695
0.9428236
0.9460547
0.9482088
0.9460547
0.9439007
0.9439007
0.9439007
0.9449778
0.9460547
0.9439007
0.9395926
0.9352845
0.9342074
0.9374385
0.9395926
0.9406695
0.9417466
0.9395926
0.9395926
0.9363614
0.9385155
0.9385155
0.9395926
0.9395926
0.9385155
0.9352845
0.9352845
0.9352845
0.9385155
0.9406695
0.9417466
0.9439007
0.9460547
0.9482088
0.9482088
0.9492859
0.9482088
0.9471318
0.9439007
0.9417466
0.9395926
0.9342074
0.9288223
0.9245142
0.9223601
0.9223601
0.9245142
0.9320533
0.9363614
0.9395926
0.9417466
0.9428236
0.9449778
0.9471318
0.9514399
0.953594
0.955748
0.955748
0.956825
0.956825
0.956825
0.956825
0.956825
0.953594
0.9525169
0.9525169
0.9525169
0.9525169
0.9525169
0.9525169
0.9514399
0.9514399
0.9482088
0.9482088
0.9471318
0.9439007
