4
1
251
1.4
3
0.102
0.1263
1.74
0
-0.01159328
-0.01159328
-0.01159328
-0.01159328
-0.01051557
-0.009437919
-0.009437919
-0.009437919
-0.01051557
-0.01159328
-0.008360207
-0.01051557
-0.01051557
-0.009437919
-0.01159328
-0.01051557
-0.007282555
-0.007282555
-0.007282555
-0.007282555
-0.007282555
-0.008360207
-0.007282555
-0.008360207
-0.007282555
-0.007282555
-0.006204844
-0.00404948
-0.002971768
0.005649686
0.02073729
0.0584563
0.1209621
0.203944
0.279382
0.3332664
0.3494316
0.3375771
0.3246448
0.3246448
0.331111
0.3332664
0.3278779
0.3095572
0.2923143
0.2729158
0.2535175
0.2405853
0.2341192
0.2254977
0.2157985
0.203944
0.1931671
0.1845456
0.1726911
0.1586812
0.1414381
0.1177291
0.08647621
0.05414557
0.02612579
0.003494382
-0.01051557
-0.01051557
0.007805109
0.04121339
0.09617531
0.1845456
0.2804596
0.3785292
0.4604334
0.5250945
0.5682019
0.6016102
0.6339408
0.664116
0.6856698
0.7050681
0.7233888
0.7406317
0.7611078
0.7826616
0.8031375
0.8214582
0.8354682
0.8473227
0.8591772
0.8699541
0.8861194
0.9076731
0.9270715
0.9529359
0.9809558
1.013286
1.043462
1.069326
1.096268
1.115667
1.13291
1.140453
1.142609
1.139376
1.128599
1.112433
1.095191
1.080103
1.067171
1.058549
1.053161
1.046695
1.042384
1.038073
1.035918
1.031607
1.028374
1.022985
1.018675
1.014364
1.012209
1.010053
1.00682
1.003587
1.001432
0.993888
0.9884996
0.9788004
0.9658682
0.956169
0.9421591
0.9313822
0.9152169
0.9022847
0.8925855
0.8828863
0.8753425
0.8688765
0.8656434
0.8677987
0.8656434
0.866721
0.8710318
0.8753425
0.8774979
0.880731
0.8764203
0.8764203
0.8710318
0.8677987
0.863488
0.8613327
0.8602549
0.8613327
0.8624103
0.863488
0.863488
0.8613327
0.8591772
0.8559442
0.8527111
0.8505558
0.849478
0.8537889
0.8570218
0.8624103
0.866721
0.8710318
0.8753425
0.8764203
0.880731
0.8828863
0.8839641
0.8893524
0.8915079
0.8925855
0.8968962
0.9033624
0.9055177
0.9065955
0.9087508
0.9076731
0.9065955
0.9076731
0.9098285
0.9130615
0.9130615
0.9109062
0.9109062
0.9098285
0.9152169
0.9206053
0.9259938
0.9270715
0.9281491
0.9292269
0.9303045
0.93246
0.9367707
0.9356929
0.9346153
0.93246
0.93246
0.9281491
0.9281491
0.9281491
0.9259938
0.9270715
0.9281491
0.9281491
0.9303045
0.9313822
0.9356929
0.938926
0.9400038
0.9410814
0.9367707
0.9335376
0.9313822
0.9281491
0.9238384
0.9206053
0.9162946
0.9119838
0.9130615
0.9141393
0.91845
0.9216831
0.9216831
0.9227607
0.9227607
0.9227607
0.9238384
0.9270715
0.9281491
0.9313822
0.9313822
0.93246
0.9346153
0.9356929
0.9378483
0.938926
0.9400038
0.9378483
0.9410814
0.9410814
0.9400038
0.9410814
0.9410814
0.9410814
0.9400038
0.9367707
0.9367707
