4
1
251
1.4
3
0.102
0.1263
1.74
0
-0.0128997
-0.01182199
-0.01182199
-0.009666622
-0.01182199
-0.01074433
-0.0128997
-0.009666622
-0.01182199
-0.01182199
-0.0128997
-0.01182199
-0.01074433
-0.009666622
-0.00858891
-0.009666622
-0.009666622
-0.00858891
-0.00858891
-0.00858891
-0.00858891
-0.007511258
-0.004278123
-0.005355835
-0.005355835
-0.004278123
-0.004278123
-0.00212276
0.002187967
0.009731889
0.03020811
0.08301508
0.1519874
0.2306591
0.3039423
0.3492055
0.354594
0.3395063
0.3276516
0.3308847
0.3373508
0.3395063
0.3319623
0.3136415
0.2963984
0.2823884
0.2705338
0.2673007
0.2651453
0.26299
0.2608346
0.2554461
0.2479023
0.2414361
0.2371253
0.2371253
0.2425138
0.2532907
0.277
0.3233408
0.4009348
0.5097818
0.6455714
0.7813607
0.882664
0.9440925
0.9602579
0.9613357
0.9613357
0.9731903
0.9925888
1.01091
1.031386
1.047551
1.062639
1.073416
1.079882
1.08527
1.096047
1.106824
1.124067
1.144544
1.159631
1.169331
1.175797
1.176874
1.173641
1.163942
1.146699
1.125145
1.092814
1.056173
1.011987
0.9796565
0.9613357
0.9527141
0.9527141
0.9527141
0.9484032
0.9462479
0.9408594
0.9333156
0.9236163
0.9139171
0.9031402
0.896674
0.896674
0.896674
0.8912855
0.882664
0.8697317
0.8557216
0.8471
0.8406339
0.8406339
0.8406339
0.8449447
0.8481778
0.8546439
0.8621877
0.8708093
0.8815863
0.893441
0.9009848
0.9074509
0.9085286
0.9096063
0.9096063
0.9074509
0.9052955
0.9074509
0.9117618
0.9171501
0.9225386
0.9257717
0.9279271
0.9268494
0.9300826
0.9343933
0.9419371
0.949481
0.9559472
0.9602579
0.9624133
0.9613357
0.9613357
0.9613357
0.9570248
0.9570248
0.9537917
0.9484032
0.9484032
0.9440925
0.9408594
0.9397818
0.9397818
0.9408594
0.9419371
0.9430149
0.9440925
0.9440925
0.9430149
0.9408594
0.9397818
0.9397818
0.9397818
0.9397818
0.9397818
0.9397818
0.9430149
0.9462479
0.9473256
0.9484032
0.9484032
0.9440925
0.9451702
0.9451702
0.9451702
0.9440925
0.9462479
0.9462479
0.9473256
0.9484032
0.9484032
0.9484032
0.9440925
0.9430149
0.9419371
0.9473256
0.9516364
0.9548695
0.9548695
0.9527141
0.9527141
0.9527141
0.9559472
0.9581026
0.9591802
0.963491
0.9656464
0.9656464
0.9688795
0.9699572
0.9699572
0.9688795
0.9699572
0.9688795
0.9656464
0.963491
0.9602579
0.9581026
0.9570248
0.9570248
0.9527141
0.9462479
0.9408594
0.9397818
0.9484032
0.9570248
0.9656464
0.9688795
0.966724
0.9656464
0.9656464
0.9656464
0.9656464
0.966724
0.9656464
0.9656464
0.9613357
0.9613357
0.9613357
0.9613357
0.9602579
0.9602579
0.9624133
0.9613357
0.9613357
0.9613357
0.9570248
0.9537917
0.9527141
0.9527141
0.9484032
0.9451702
0.9440925
0.9462479
0.9473256
0.9505587
0.9516364
0.9516364
