4
1
251
1.4
3
0.102
0.1263
1.74
0
-0.01128221
-0.01128221
-0.01128221
-0.01128221
-0.01020306
-0.01128221
-0.01020306
-0.01020306
-0.01020306
-0.01020306
-0.01020306
-0.01020306
-0.01020306
-0.01020306
-0.01020306
-0.01020306
-0.01020306
-0.009123921
-0.009123921
-0.006965578
-0.005886376
-0.00804472
-0.00804472
-0.006965578
-0.006965578
-0.005886376
-0.003728092
-0.001569748
0.001667738
0.00814271
0.02756774
0.07181346
0.1408801
0.2218175
0.2984382
0.342684
0.3523965
0.3394465
0.3275757
0.329734
0.3340507
0.3372881
0.329734
0.3113883
0.2941215
0.2768549
0.2628257
0.25743
0.2563508
0.2531133
0.2498758
0.2444799
0.2401633
0.2358466
0.2358466
0.2358466
0.2390841
0.2455591
0.2628257
0.3005966
0.3610297
0.4581547
0.5898129
0.7225502
0.8358625
0.9157208
0.9459374
0.9524124
0.9534916
0.9621248
0.9761541
0.9944998
1.011766
1.027954
1.047379
1.060329
1.070041
1.076516
1.082991
1.097021
1.113208
1.130475
1.144504
1.158533
1.167166
1.171483
1.171483
1.166087
1.155295
1.140187
1.112129
1.075437
1.037667
0.9988165
0.969679
0.9578083
0.9524124
0.9524124
0.9524124
0.9480957
0.9470166
0.9416207
0.9319082
0.9243541
0.9157208
0.9049292
0.9016917
0.9006125
0.8962958
0.8898208
0.8790292
0.865
0.8552876
0.8488126
0.845575
0.8444959
0.8444959
0.845575
0.8466542
0.8542084
0.8628417
0.8725542
0.8844249
0.8930583
0.9016917
0.9070874
0.9092457
0.9092457
0.9092457
0.9081666
0.9081666
0.9092457
0.9124833
0.9167999
0.9211166
0.9243541
0.9265125
0.9265125
0.92975
0.9362249
0.9426999
0.9491749
0.9556499
0.9567291
0.9567291
0.9567291
0.9567291
0.9567291
0.9545708
0.9524124
0.9491749
0.9459374
0.9405416
0.9394624
0.9394624
0.9362249
0.937304
0.9383832
0.9394624
0.9426999
0.9426999
0.9416207
0.9416207
0.9394624
0.9394624
0.9394624
0.9394624
0.9394624
0.9416207
0.9426999
0.9459374
0.9480957
0.9480957
0.9480957
0.9470166
0.9437791
0.9437791
0.9437791
0.9437791
0.9437791
0.9437791
0.9448582
0.9459374
0.9470166
0.9437791
0.9437791
0.9426999
0.9426999
0.9448582
0.9470166
0.9524124
0.9524124
0.9502541
0.9513333
0.9524124
0.9524124
0.9556499
0.9578083
0.9621248
0.9610457
0.9610457
0.963204
0.9653624
0.9685999
0.969679
0.9675207
0.9664415
0.9653624
0.9621248
0.9599665
0.9567291
0.9567291
0.9567291
0.9524124
0.9470166
0.9394624
0.9394624
0.9426999
0.9524124
0.9610457
0.9653624
0.9653624
0.9642832
0.9642832
0.9621248
0.9621248
0.9610457
0.963204
0.9610457
0.9610457
0.9567291
0.9567291
0.9556499
0.9556499
0.9567291
0.9567291
0.9567291
0.9556499
0.9567291
0.9556499
0.9524124
0.9524124
0.9502541
0.9459374
0.9437791
0.9437791
0.9437791
0.9437791
0.9459374
0.9513333
0.9502541
