4
1
251
1.4
3
0.102
0.1263
1.74
0
-0.01279819
-0.01279819
-0.01279819
-0.01279819
-0.01279819
-0.01064342
-0.01279819
-0.01172084
-0.01064342
-0.009566009
-0.01172084
-0.01279819
-0.01172084
-0.01172084
-0.01064342
-0.009566009
-0.01172084
-0.009566009
-0.009566009
-0.009566009
-0.008488595
-0.008488595
-0.008488595
-0.008488595
-0.008488595
-0.006333828
-0.005256414
-0.004179001
-0.003101587
0.003362775
0.02060115
0.05507803
0.1186446
0.1962174
0.2802547
0.3341247
0.3502858
0.3416666
0.3265829
0.3233507
0.3308926
0.3308926
0.3190411
0.2974931
0.2759451
0.2554744
0.2382361
0.2306943
0.2285395
0.2231525
0.2156106
0.2080688
0.1994497
0.1919079
0.1865208
0.178979
0.168205
0.1563537
0.14127
0.1240317
0.108948
0.1003288
0.1067933
0.1369605
0.1951401
0.2877965
0.3912269
0.5054314
0.6088618
0.6842798
0.7284533
0.7586205
0.7877103
0.8157227
0.8426577
0.8642057
0.8835989
0.9019147
0.9191531
0.937469
0.9525526
0.9633266
0.9719458
0.9794875
0.9881067
1.002113
1.015042
1.031203
1.052751
1.069989
1.089382
1.113085
1.133556
1.151872
1.170187
1.176652
1.177729
1.171265
1.152949
1.132478
1.104466
1.077531
1.058138
1.043054
1.030125
1.019351
1.009655
1.001036
0.9924164
0.985952
0.980565
0.975178
0.9697909
0.964404
0.9590169
0.9525526
0.9525526
0.9482429
0.9460882
0.9396237
0.9331594
0.9223853
0.9116113
0.8997599
0.8846763
0.8728249
0.8620509
0.8512769
0.8426577
0.8405029
0.8361933
0.8394256
0.8415803
0.8448125
0.8491222
0.8545091
0.8566639
0.8609735
0.8652831
0.8706701
0.8771346
0.8825215
0.8857538
0.8879086
0.8857538
0.8835989
0.8814441
0.8814441
0.8835989
0.8814441
0.8835989
0.8835989
0.8846763
0.8857538
0.8868312
0.8900633
0.8943729
0.8997599
0.9040695
0.9094565
0.915921
0.9213079
0.9223853
0.9245402
0.9256176
0.926695
0.926695
0.9277724
0.9288497
0.9310045
0.9310045
0.9310045
0.9353142
0.937469
0.9385463
0.9396237
0.9407011
0.942856
0.942856
0.9407011
0.9407011
0.942856
0.9439334
0.9439334
0.9407011
0.9385463
0.9353142
0.9342368
0.9385463
0.9396237
0.9417785
0.942856
0.9396237
0.9396237
0.9385463
0.9385463
0.9396237
0.9396237
0.9396237
0.9396237
0.9385463
0.9353142
0.9353142
0.9353142
0.9353142
0.9363916
0.9385463
0.9417785
0.9439334
0.9460882
0.9482429
0.9471656
0.9450108
0.9439334
0.9396237
0.9353142
0.9320819
0.926695
0.9223853
0.9202305
0.9180758
0.9213079
0.9288497
0.9331594
0.937469
0.9385463
0.9396237
0.9417785
0.942856
0.9471656
0.9503977
0.9514751
0.9525526
0.9525526
0.9514751
0.9525526
0.9525526
0.9525526
0.9525526
0.9525526
0.9525526
0.9493203
0.9482429
0.9482429
0.9482429
0.9482429
0.9482429
0.9482429
0.9471656
0.9439334
0.9439334
