4
1
251
1.4
3
0.102
0.1263
1.74
0
-0.0125708
-0.0125708
-0.0125708
-0.0125708
-0.01149333
-0.0125708
-0.0125708
-0.01149333
-0.0125708
-0.01041579
-0.0125708
-0.0125708
-0.0125708
-0.0125708
-0.0125708
-0.01149333
-0.0125708
-0.009338319
-0.009338319
-0.009338319
-0.008260787
-0.008260787
-0.008260787
-0.007183313
-0.007183313
-0.006105781
-0.005028307
-0.003950775
-0.0007182956
0.004669189
0.0240643
0.06608677
0.1275043
0.210472
0.2880521
0.3354622
0.3516247
0.3386947
0.3268422
0.3257647
0.3322297
0.3333071
0.3257647
0.3096021
0.2880521
0.2708122
0.2578821
0.2503396
0.2503396
0.2503396
0.2460296
0.2417196
0.2374096
0.2330996
0.2330996
0.2330996
0.2352545
0.2417196
0.2557271
0.2858971
0.3430047
0.4248948
0.56497
0.7018127
0.822493
0.9011506
0.9410181
0.9507157
0.9517931
0.9550257
0.9690331
0.9895056
1.009978
1.027218
1.042303
1.052001
1.060621
1.070318
1.077861
1.088636
1.101566
1.117728
1.137123
1.148976
1.160828
1.167294
1.168371
1.167294
1.159751
1.145743
1.126348
1.094023
1.050923
1.009978
0.9787307
0.9604131
0.9517931
0.9485606
0.9485606
0.9474831
0.9431731
0.9367081
0.9313205
0.9248556
0.9162356
0.9076155
0.9011506
0.9000731
0.8968406
0.891453
0.8817555
0.869903
0.859128
0.850508
0.8451204
0.8451204
0.8408104
0.8408104
0.8429655
0.8472755
0.8558955
0.8666705
0.876368
0.8849881
0.895763
0.902228
0.9043831
0.9054606
0.9054606
0.9054606
0.9054606
0.9054606
0.9086931
0.9119256
0.9140805
0.9173131
0.9205456
0.9216231
0.9248556
0.9291656
0.9356306
0.9420956
0.9485606
0.9517931
0.9550257
0.9539481
0.9528706
0.9539481
0.9528706
0.9528706
0.9496381
0.9464056
0.9410181
0.9399406
0.9367081
0.9356306
0.9356306
0.9356306
0.9367081
0.9377856
0.938863
0.9377856
0.9399406
0.9377856
0.9377856
0.9367081
0.9377856
0.938863
0.9399406
0.9431731
0.9464056
0.9474831
0.9453281
0.9442506
0.9431731
0.9399406
0.9399406
0.9399406
0.9399406
0.938863
0.9399406
0.9399406
0.9420956
0.9420956
0.9420956
0.9399406
0.9399406
0.938863
0.9431731
0.9464056
0.9485606
0.9485606
0.9485606
0.9464056
0.9474831
0.9496381
0.9528706
0.9517931
0.9561031
0.9571806
0.9571806
0.9571806
0.9604131
0.9636456
0.9658006
0.9658006
0.9658006
0.9614906
0.9614906
0.9571806
0.9582582
0.9561031
0.9539481
0.9528706
0.9464056
0.9399406
0.9356306
0.938863
0.9453281
0.9582582
0.9636456
0.9658006
0.9647231
0.9614906
0.9614906
0.9614906
0.9614906
0.9625682
0.9614906
0.9582582
0.9561031
0.9528706
0.9528706
0.9517931
0.9539481
0.9528706
0.9571806
0.9571806
0.9571806
0.9550257
0.9528706
0.9496381
0.9485606
0.9442506
0.9431731
0.9399406
0.9410181
0.9420956
0.9431731
0.9474831
0.9485606
