4
1
251
1.4
3
0.102
0.1263
1.74
0
-0.01245606
-0.009219468
-0.008140564
-0.01029831
-0.009219468
-0.009219468
-0.009219468
-0.008140564
-0.008140564
-0.008140564
-0.008140564
-0.008140564
-0.008140564
-0.008140564
-0.008140564
-0.008140564
-0.005982816
-0.00706172
-0.008140564
-0.00706172
-0.005982816
-0.004903913
-0.004903913
-0.002746165
-0.001667321
-0.001667321
0.000490427
0.002648234
0.00696373
0.01020038
0.02962017
0.0716964
0.1375079
0.2195026
0.295024
0.3424946
0.3543624
0.3435736
0.330627
0.3317059
0.3424946
0.3500468
0.3500468
0.3457313
0.3457313
0.3414158
0.3371003
0.3371003
0.3371003
0.3360214
0.3371003
0.3392581
0.3446524
0.3489679
0.3608356
0.3899653
0.4428303
0.533456
0.6693946
0.8064121
0.9520606
1.041607
1.075052
1.079368
1.068579
1.070737
1.090157
1.111734
1.127918
1.131154
1.131154
1.132233
1.136549
1.144101
1.147337
1.149495
1.148416
1.151653
1.151653
1.152732
1.147337
1.133312
1.103103
1.0675
1.021109
0.974717
0.9358773
0.9089054
0.8981167
0.8981167
0.903511
0.9024322
0.8959589
0.8873279
0.8808546
0.8765391
0.8765391
0.8797758
0.8765391
0.8722236
0.8679081
0.8711447
0.8711447
0.8722236
0.8722236
0.8733025
0.8743813
0.8754603
0.8819335
0.8948801
0.912142
0.9337196
0.9509816
0.9542183
0.9585338
0.9574549
0.9542183
0.9574549
0.9596127
0.9596127
0.9628493
0.9650071
0.9628493
0.9639282
0.9650071
0.9682437
0.9714804
0.9725592
0.9725592
0.9736381
0.9757959
0.9725592
0.9704014
0.9682437
0.9693226
0.9617704
0.9563761
0.9531394
0.9445084
0.9445084
0.947745
0.9499028
0.9509816
0.9499028
0.9466661
0.9455873
0.9445084
0.9455873
0.9423506
0.9434295
0.9445084
0.9412718
0.9412718
0.9445084
0.9455873
0.9423506
0.9423506
0.9445084
0.9434295
0.9455873
0.9466661
0.9488239
0.9520606
0.9552971
0.9574549
0.9639282
0.9693226
0.9736381
0.9757959
0.9757959
0.9757959
0.974717
0.9736381
0.974717
0.974717
0.9757959
0.9768747
0.9779536
0.9779536
0.9757959
0.9757959
0.9757959
0.9757959
0.9757959
0.9725592
0.9714804
0.9704014
0.9671649
0.9693226
0.9725592
0.9779536
0.9757959
0.9779536
0.9811902
0.9844269
0.9844269
0.9844269
0.9801114
0.9801114
0.9822692
0.9801114
0.9822692
0.9811902
0.9801114
0.9779536
0.9779536
0.9725592
0.974717
0.9714804
0.9671649
0.9606916
0.9520606
0.947745
0.9466661
0.9552971
0.9693226
0.974717
0.9757959
0.9682437
0.9606916
0.9585338
0.9596127
0.9650071
0.9693226
0.9704014
0.9682437
0.9704014
0.9671649
0.9704014
0.9682437
0.9682437
0.9671649
0.9671649
0.9639282
0.9617704
0.9585338
0.9563761
0.9531394
0.9499028
0.9499028
0.9563761
0.9606916
0.9693226
0.9714804
0.9714804
0.9704014
0.9704014
0.9704014
0.9704014
0.9714804
0.9682437
