4
1
251
1.4
3
0.102
0.1263
1.74
0
-0.00892967
-0.01000911
-0.00892967
-0.00892967
-0.01000911
-0.00892967
-0.00785023
-0.01000911
-0.006770849
-0.00892967
-0.00892967
-0.00892967
-0.00892967
-0.006770849
-0.00892967
-0.00892967
-0.00892967
-0.00892967
-0.00892967
-0.005691409
-0.005691409
-0.005691409
-0.004612029
-0.005691409
-0.004612029
-0.003532588
-0.001373768
-0.001373768
0.001864433
0.007261515
0.02561152
0.06015277
0.1184411
0.2004765
0.2825119
0.332165
0.3494357
0.339721
0.3267679
0.3256886
0.3300062
0.3310856
0.3148944
0.2857503
0.2501296
0.2145089
0.183206
0.1680942
0.1670147
0.1713324
0.1724118
0.1680942
0.1605383
0.1486647
0.13895
0.1324735
0.1249176
0.1249176
0.1249176
0.1270764
0.1303147
0.1346323
0.1475853
0.1724118
0.2231443
0.2976238
0.3926122
0.5048712
0.6117332
0.6991656
0.744501
0.7650099
0.7714864
0.7768834
0.7876775
0.8017099
0.8189806
0.8438071
0.8664747
0.8891424
0.9031748
0.9139689
0.9172072
0.9182866
0.919366
0.9247631
0.9344778
0.9506691
0.9744161
1.000322
1.019752
1.04134
1.054293
1.065087
1.068325
1.066166
1.064008
1.056452
1.042419
1.025149
1.000322
0.9754956
0.9539073
0.9366367
0.9258425
0.9182866
0.9150484
0.9139689
0.9096513
0.9096513
0.9064131
0.9053336
0.8999366
0.89346
0.8902218
0.8848248
0.8837453
0.8848248
0.882666
0.8805071
0.87511
0.8653953
0.8524424
0.8427277
0.8297747
0.8179011
0.8125041
0.807107
0.8060275
0.8060275
0.8060275
0.8103453
0.8146629
0.82006
0.825457
0.8308541
0.8362511
0.83841
0.8405688
0.8448864
0.8470453
0.8492042
0.8524424
0.8502835
0.8502835
0.8470453
0.8459659
0.8513629
0.8502835
0.8492042
0.8481247
0.8470453
0.8470453
0.8492042
0.8513629
0.8535218
0.8589189
0.8643159
0.8697129
0.87511
0.8772689
0.8794277
0.8794277
0.8805071
0.8783484
0.8783484
0.8761895
0.8761895
0.8761895
0.8761895
0.8761895
0.8761895
0.8783484
0.8805071
0.8837453
0.8880631
0.8902218
0.8923807
0.8902218
0.8913013
0.8891424
0.8902218
0.8859042
0.8869836
0.8891424
0.8869836
0.8837453
0.8837453
0.8848248
0.8880631
0.8902218
0.8891424
0.8891424
0.8891424
0.8880631
0.8880631
0.8891424
0.8923807
0.89346
0.89346
0.89346
0.8891424
0.8880631
0.8880631
0.8902218
0.8913013
0.8923807
0.89346
0.89346
0.8966984
0.8977778
0.8977778
0.8945395
0.8956189
0.89346
0.8891424
0.8848248
0.8848248
0.8794277
0.8761895
0.87511
0.8783484
0.8837453
0.8923807
0.8966984
0.8999366
0.901016
0.9020954
0.901016
0.9031748
0.9064131
0.9064131
0.9085718
0.9074925
0.9064131
0.9031748
0.9020954
0.9020954
0.9020954
0.9020954
0.9020954
0.9020954
0.8977778
0.8977778
0.8999366
0.8999366
0.9020954
0.8999366
0.8999366
0.8977778
0.8966984
