4
1
251
1.4
3
0.102
0.1263
1.74
0
-0.008891881
-0.01212829
-0.009970665
-0.01212829
-0.009970665
-0.01104945
-0.009970665
-0.01104945
-0.008891881
-0.008891881
-0.008891881
-0.008891881
-0.008891881
-0.008891881
-0.007813096
-0.007813096
-0.004576683
-0.006734312
-0.007813096
-0.004576683
-0.003497899
-0.003497899
-0.003497899
-0.004576683
-0.003497899
-0.00134033
-0.00134033
-0.00134033
0.001896024
0.007290006
0.02562952
0.06338727
0.1194845
0.1982366
0.2834612
0.3330858
0.3503464
0.3406373
0.3298494
0.3276918
0.3330858
0.3374009
0.3309282
0.3136674
0.2996432
0.2813036
0.2705157
0.264043
0.264043
0.258649
0.253255
0.2457035
0.2370731
0.2338368
0.2338368
0.2349155
0.2392308
0.2489399
0.2672794
0.3082736
0.3848679
0.4862745
0.6254389
0.7548941
0.849828
0.8994526
0.9102404
0.9070041
0.9080828
0.9242648
0.943683
0.9641801
0.9782045
0.99115
1.003017
1.011647
1.020278
1.028908
1.038617
1.054799
1.068823
1.081769
1.092557
1.101187
1.105502
1.106581
1.105502
1.099029
1.086084
1.060193
1.025671
0.9868348
0.9523134
0.9264224
0.9145557
0.9123981
0.9134768
0.9156344
0.9123981
0.9059253
0.9005313
0.8940586
0.8886646
0.8832706
0.8778766
0.8757191
0.8703251
0.8670887
0.8584584
0.8509068
0.8433552
0.8347249
0.8293309
0.8282521
0.8282521
0.8293309
0.8293309
0.8325673
0.83904
0.8476704
0.8584584
0.8692462
0.8778766
0.8811131
0.8821918
0.8811131
0.8811131
0.8811131
0.8811131
0.8843493
0.886507
0.8886646
0.891901
0.8940586
0.8972949
0.8972949
0.9005313
0.9048464
0.9091617
0.9145557
0.9188708
0.9231859
0.9264224
0.9264224
0.9253435
0.9242648
0.9242648
0.9199497
0.9199497
0.9134768
0.9113193
0.9102404
0.9113193
0.9091617
0.9102404
0.9113193
0.9113193
0.9113193
0.9113193
0.9102404
0.9102404
0.9102404
0.9113193
0.9070041
0.9070041
0.9070041
0.9059253
0.9059253
0.9091617
0.9123981
0.917792
0.9199497
0.9199497
0.9199497
0.9188708
0.9167132
0.917792
0.9221072
0.9199497
0.9199497
0.9199497
0.9199497
0.9199497
0.9199497
0.9199497
0.9156344
0.9156344
0.9145557
0.917792
0.9231859
0.9264224
0.9275012
0.9264224
0.9242648
0.9275012
0.9285799
0.9307375
0.9339739
0.9372103
0.9393679
0.9404467
0.938289
0.9393679
0.9393679
0.9404467
0.938289
0.9372103
0.9361315
0.9328952
0.9328952
0.9307375
0.9285799
0.9285799
0.9242648
0.9167132
0.9113193
0.9102404
0.9167132
0.9285799
0.9350528
0.938289
0.9361315
0.9328952
0.9328952
0.9339739
0.9350528
0.9339739
0.9328952
0.9307375
0.9285799
0.9285799
0.9285799
0.9296588
0.9307375
0.9318163
0.9328952
0.9307375
0.9285799
0.9285799
0.9264224
0.9253435
0.9242648
0.9199497
0.9188708
0.9167132
0.9199497
0.9199497
0.9221072
0.9253435
0.9264224
0.9285799
