4
1
251
1.4
3
0.102
0.1263
1.74
0
-0.01120728
-0.01120728
-0.01120728
-0.01120728
-0.01012903
-0.009050786
-0.01120728
-0.01120728
-0.009050786
-0.01120728
-0.01120728
-0.01012903
-0.01120728
-0.007972538
-0.007972538
-0.007972538
-0.007972538
-0.007972538
-0.00689429
-0.00689429
-0.00689429
-0.00689429
-0.00689429
-0.007972538
-0.00689429
-0.005816042
-0.003659487
-0.002581239
-0.0004247427
0.006044745
0.02114034
0.05887926
0.1149484
0.2044436
0.2853125
0.3359905
0.3510861
0.3403035
0.3273644
0.3241297
0.3284428
0.3295211
0.316582
0.2907039
0.2561997
0.2206173
0.1947392
0.1796436
0.1731741
0.1764089
0.1774871
0.1731741
0.1623917
0.1526873
0.1419048
0.1332787
0.1268092
0.125731
0.1268092
0.1289657
0.1332787
0.1408266
0.1580786
0.1882697
0.2464955
0.3273644
0.43519
0.5548761
0.6583885
0.7263185
0.7629791
0.7716053
0.7759182
0.7813095
0.7931703
0.8082658
0.8287526
0.8546307
0.8772742
0.8966826
0.9085435
0.915013
0.9193259
0.9236391
0.9279521
0.9398128
0.9538301
0.9710822
0.9980385
1.02176
1.042247
1.057343
1.06489
1.07136
1.07136
1.070282
1.061656
1.05303
1.034699
1.013134
0.9850996
0.9613779
0.9408911
0.9279521
0.9204043
0.9193259
0.9160912
0.9160912
0.9128565
0.9117782
0.9074652
0.9053087
0.8999175
0.8934479
0.8891349
0.8859001
0.8848219
0.8826654
0.8805089
0.8718828
0.8643351
0.8524742
0.8395352
0.8287526
0.8190484
0.8115005
0.8082658
0.8050311
0.8071876
0.8093441
0.8115005
0.8158137
0.8212049
0.8265961
0.8309091
0.8363005
0.8406135
0.84277
0.8449265
0.8460047
0.847083
0.8492395
0.847083
0.847083
0.847083
0.847083
0.847083
0.847083
0.8503177
0.8503177
0.8503177
0.851396
0.8524742
0.8546307
0.8589438
0.8643351
0.8675698
0.8718828
0.8761958
0.8805089
0.8805089
0.8783524
0.8783524
0.8772742
0.8772742
0.8761958
0.8761958
0.8761958
0.8772742
0.8761958
0.8761958
0.8783524
0.8794307
0.8848219
0.8891349
0.8923696
0.8934479
0.8966826
0.8945261
0.8945261
0.8912914
0.8923696
0.8902131
0.8912914
0.8902131
0.8880566
0.8826654
0.8815871
0.8837436
0.8880566
0.8891349
0.8902131
0.8891349
0.8880566
0.8869784
0.8891349
0.8934479
0.8956044
0.8977609
0.8945261
0.8945261
0.8902131
0.8902131
0.8912914
0.8934479
0.8934479
0.8945261
0.8945261
0.8956044
0.8977609
0.8977609
0.8977609
0.8945261
0.8912914
0.8880566
0.8880566
0.8859001
0.8848219
0.8815871
0.8772742
0.8794307
0.8815871
0.8902131
0.8966826
0.902074
0.902074
0.902074
0.902074
0.9031522
0.9053087
0.906387
0.9074652
0.9074652
0.9074652
0.9074652
0.9053087
0.9031522
0.9031522
0.9031522
0.9031522
0.9031522
0.9031522
0.9031522
0.902074
0.9009957
0.902074
0.9009957
0.902074
0.902074
0.8988392
0.8988392
