4
1
251
1.4
3
0.102
0.1263
1.74
0
-0.009732664
-0.008651257
-0.009732664
-0.008651257
-0.008651257
-0.008651257
-0.008651257
-0.008651257
-0.008651257
-0.008651257
-0.008651257
-0.008651257
-0.008651257
-0.007569849
-0.006488442
-0.008651257
-0.005407035
-0.004325628
-0.004325628
-0.004325628
-0.004325628
-0.004325628
-0.003244221
-0.002162814
-0.003244221
0
0
0.003244281
0.005407095
0.01081407
0.02919805
0.07353592
0.1351762
0.2119564
0.2898178
0.3406441
0.3557838
0.3438884
0.3330742
0.3319929
0.3417255
0.3503768
0.3503768
0.3471326
0.3417255
0.3406441
0.3373998
0.335237
0.3363185
0.3341557
0.335237
0.3363185
0.3384813
0.3428069
0.3590281
0.3925518
0.4433781
0.5342165
0.6758811
0.8272786
0.9581292
1.044642
1.074921
1.069514
1.063026
1.072759
1.093305
1.112771
1.125748
1.131155
1.132236
1.134399
1.139806
1.145213
1.15062
1.153864
1.157109
1.159271
1.160353
1.159271
1.152783
1.137643
1.108445
1.068433
1.021932
0.9721875
0.9310939
0.9116285
0.9062215
0.9083843
0.9083843
0.9040587
0.8964888
0.8889189
0.8845932
0.8824304
0.8813491
0.8824304
0.8781048
0.8781048
0.8737792
0.8716164
0.8694535
0.8716164
0.8726978
0.8737792
0.8748606
0.8770235
0.8845932
0.9008144
0.9202799
0.9397452
0.9527221
0.9592105
0.9581292
0.9559664
0.9559664
0.9581292
0.9613734
0.9646176
0.9678619
0.9678619
0.9689432
0.9700247
0.9721875
0.9732689
0.9743503
0.9743503
0.9732689
0.9743503
0.9732689
0.9732689
0.9732689
0.9732689
0.9689432
0.9635363
0.9581292
0.9516407
0.9473151
0.9473151
0.9483964
0.9527221
0.9538035
0.9527221
0.9516407
0.9505593
0.9473151
0.9483964
0.9473151
0.9473151
0.9473151
0.9451523
0.9429895
0.9440708
0.9429895
0.9429895
0.9451523
0.9462336
0.9473151
0.9483964
0.9505593
0.9516407
0.9538035
0.9559664
0.9592105
0.9646176
0.9700247
0.9765131
0.978676
0.978676
0.9775945
0.9775945
0.9765131
0.9775945
0.9775945
0.9775945
0.9775945
0.9775945
0.9775945
0.9775945
0.9775945
0.9775945
0.9775945
0.9775945
0.9775945
0.9743503
0.9732689
0.9711061
0.9754317
0.978676
0.9808388
0.9830016
0.9840831
0.9862459
0.9873272
0.9884087
0.9884087
0.9862459
0.9862459
0.9851644
0.9862459
0.9851644
0.9873272
0.9862459
0.9851644
0.9797573
0.9775945
0.9754317
0.9743503
0.9721875
0.9656991
0.9570477
0.9516407
0.9538035
0.9624548
0.9743503
0.978676
0.9754317
0.9678619
0.9646176
0.9646176
0.9667804
0.9700247
0.9721875
0.9732689
0.9732689
0.9721875
0.9732689
0.9732689
0.9732689
0.9711061
0.9689432
0.9689432
0.9667804
0.9667804
0.9646176
0.960292
0.9559664
0.9570477
0.9592105
0.9646176
0.9700247
0.9721875
0.9732689
0.9754317
0.9775945
0.9732689
0.9775945
0.9765131
0.9743503
0.9732689
