4
1
251
1.4
3
0.102
0.1263
1.74
0
-0.009016931
-0.009016931
-0.009016931
-0.009016931
-0.009016931
-0.009016931
-0.009016931
-0.009016931
-0.009016931
-0.002548277
-0.006860673
-0.009016931
-0.006860673
-0.009016931
-0.009016931
-0.009016931
-0.007938802
-0.007938802
-0.006860673
-0.004704475
-0.005782604
-0.004704475
-0.004704475
-0.004704475
-0.004704475
-0.004704475
-0.002548277
-0.001470149
-0.001470149
0.007154703
0.02332628
0.06106007
0.1214341
0.2033703
0.2788378
0.3338213
0.349993
0.3413681
0.3284308
0.3262745
0.3284308
0.3273526
0.3122592
0.2799159
0.2464947
0.2141514
0.190433
0.1764176
0.1753395
0.1764176
0.1710271
0.1645584
0.1526992
0.1397619
0.130059
0.1225122
0.1181998
0.1171217
0.119278
0.1214341
0.1257465
0.1354495
0.1559336
0.1958236
0.26051
0.3467586
0.4653505
0.5742394
0.6723472
0.7337992
0.7564396
0.7618301
0.7618301
0.7693769
0.7866266
0.8060325
0.8265165
0.8502349
0.8728752
0.891203
0.9041402
0.9106089
0.9138433
0.9203119
0.9289367
0.941874
0.96128
0.9839202
1.009795
1.034591
1.052919
1.065856
1.072325
1.075559
1.073403
1.070169
1.061544
1.04645
1.025966
1.003326
0.9752954
0.9494208
0.9332492
0.9257025
0.9224681
0.9224681
0.9224681
0.9224681
0.9181557
0.9138433
0.911687
0.9095308
0.9041402
0.8987497
0.8922811
0.8890468
0.8858124
0.8836563
0.8815
0.8728752
0.862094
0.8480787
0.8351414
0.8254384
0.8168136
0.8103449
0.8081887
0.8071105
0.8081887
0.8092668
0.8135792
0.8178917
0.8243604
0.831907
0.8372976
0.8405319
0.8437662
0.8437662
0.8448443
0.8437662
0.8448443
0.8470006
0.8470006
0.8470006
0.8459225
0.8448443
0.8448443
0.8470006
0.8491567
0.8491567
0.8502349
0.851313
0.8556254
0.8577816
0.8631722
0.8674846
0.8728752
0.8771876
0.8782657
0.8793437
0.8804219
0.8793437
0.8793437
0.8761095
0.8761095
0.8771876
0.8750314
0.8750314
0.8739532
0.8739532
0.8761095
0.8782657
0.8825781
0.8847344
0.891203
0.8955154
0.8987497
0.8998278
0.8965936
0.8965936
0.8944373
0.8890468
0.8922811
0.8922811
0.8901249
0.8868905
0.8825781
0.8804219
0.8825781
0.8868905
0.8879687
0.8879687
0.8879687
0.8879687
0.8868905
0.8890468
0.8933592
0.8955154
0.8965936
0.8965936
0.8944373
0.8922811
0.8922811
0.8922811
0.8955154
0.8955154
0.8965936
0.8976716
0.8987497
0.8976716
0.8965936
0.8965936
0.8922811
0.8922811
0.8879687
0.8879687
0.8879687
0.8847344
0.8815
0.8793437
0.8782657
0.8836563
0.891203
0.8998278
0.9019841
0.9041402
0.9041402
0.9030622
0.9041402
0.9062965
0.9084527
0.9095308
0.9095308
0.9095308
0.9052184
0.9052184
0.9030622
0.9041402
0.9052184
0.9041402
0.9030622
0.9019841
0.9019841
0.900906
0.900906
0.900906
0.900906
0.900906
0.900906
0.900906
0.8976716
