4
1
251
8
5
0.15
0.08
0
-0.0201
-0.018
-0.018
-0.018
-0.0169
-0.0147
-0.0147
-0.018
-0.018
-0.018
-0.019
-0.0201
-0.018
-0.0169
-0.0223
-0.0223
-0.0244
-0.0223
-0.0233
-0.0244
-0.0244
-0.0255
-0.0266
-0.0287
-0.0298
-0.0309
-0.0309
-0.0309
-0.0287
-0.0287
-0.0298
-0.0309
-0.0309
-0.0298
-0.0309
-0.033
-0.0298
-0.0287
-0.0319
-0.0309
-0.0298
-0.0309
-0.0319
-0.0309
-0.0319
-0.0309
-0.0287
-0.0244
-0.0072
0.0282
0.082
0.1367
0.169
0.1787
0.1733
0.1647
0.1357
0.0777
0.01
-0.0524
-0.1007
-0.1394
-0.1684
-0.1953
-0.2189
-0.2382
-0.2597
-0.2791
-0.2898
-0.3027
-0.3124
-0.3242
-0.3382
-0.3543
-0.3629
-0.3693
-0.3779
-0.3833
-0.3844
-0.3897
-0.3983
-0.408
-0.4145
-0.4134
-0.4198
-0.423
-0.4263
-0.4241
-0.4198
-0.4145
-0.4048
-0.3973
-0.3897
-0.3854
-0.379
-0.3736
-0.3661
-0.3564
-0.35
-0.3435
-0.336
-0.3274
-0.3199
-0.3113
-0.3059
-0.3016
-0.2973
-0.293
-0.2898
-0.2855
-0.2812
-0.2758
-0.2726
-0.2662
-0.263
-0.2619
-0.2597
-0.2544
-0.2544
-0.2533
-0.2479
-0.2458
-0.2436
-0.2425
-0.2372
-0.2372
-0.2361
-0.2318
-0.2296
-0.2286
-0.2275
-0.2243
-0.2243
-0.2221
-0.2189
-0.2167
-0.2167
-0.2167
-0.2146
-0.2125
-0.2146
-0.2135
-0.2082
-0.2071
-0.2071
-0.2071
-0.2039
-0.2049
-0.2049
-0.2017
-0.1996
-0.2006
-0.2006
-0.1974
-0.1963
-0.1985
-0.1963
-0.1942
-0.1942
-0.1953
-0.1931
-0.192
-0.1963
-0.1931
-0.192
-0.1888
-0.1856
-0.1856
-0.1856
-0.1845
-0.1845
-0.1845
-0.1845
-0.1824
-0.1824
-0.1824
-0.1824
-0.1813
-0.1791
-0.1813
-0.1791
-0.1781
-0.1791
-0.1791
-0.1781
-0.177
-0.1802
-0.1781
-0.1748
-0.1759
-0.1748
-0.177
-0.1759
-0.1748
-0.1759
-0.1748
-0.1727
-0.1684
-0.1716
-0.1759
-0.1727
-0.1705
-0.1716
-0.1727
-0.1705
-0.1695
-0.1684
-0.1705
-0.1673
-0.1662
-0.1684
-0.1673
-0.1641
-0.1641
-0.1652
-0.1673
-0.1662
-0.1641
-0.1641
-0.1652
-0.163
-0.163
-0.1641
-0.163
-0.1641
-0.162
-0.163
-0.1609
-0.162
-0.1641
-0.1641
-0.1641
-0.162
-0.162
-0.1598
-0.1609
-0.162
-0.1598
-0.1598
-0.1598
-0.1598
-0.1577
-0.1566
-0.1566
-0.1587
-0.1577
-0.1555
-0.1577
-0.1598
-0.1598
